2015-06-18,1.55,1.575,1.54,1.565,269900,1.565
2015-06-17,1.57,1.59,1.53,1.54,161100,1.54
2015-06-16,1.58,1.59,1.53,1.55,179200,1.55
2015-06-15,1.53,1.625,1.53,1.57,545300,1.57
2015-06-12,1.555,1.555,1.52,1.54,236300,1.54
2015-06-11,1.555,1.595,1.52,1.545,554900,1.545
2015-06-10,1.475,1.55,1.44,1.545,311300,1.545
2015-06-09,1.44,1.51,1.40,1.47,175000,1.47
2015-06-08,1.44,1.44,1.44,1.44,000,1.44
2015-06-05,1.45,1.47,1.415,1.44,174300,1.44
2015-06-04,1.41,1.48,1.405,1.48,322600,1.48
2015-06-03,1.475,1.475,1.38,1.42,253300,1.42
2015-06-02,1.495,1.495,1.41,1.46,496700,1.46
2015-06-01,1.565,1.61,1.47,1.545,311100,1.545
2015-05-29,1.60,1.64,1.53,1.595,1183900,1.595
2015-05-28,1.47,1.53,1.35,1.53,1542200,1.53
2015-05-27,1.54,1.55,1.435,1.46,483800,1.46
2015-05-26,1.54,1.585,1.48,1.55,463700,1.55
2015-05-25,1.61,1.64,1.515,1.545,656300,1.545
2015-05-22,1.635,1.66,1.62,1.65,702400,1.65
2015-05-21,1.54,1.605,1.53,1.59,824200,1.59
2015-05-20,1.64,1.65,1.43,1.575,2848200,1.575
2015-05-19,1.70,1.705,1.61,1.62,1487900,1.62
2015-05-18,1.69,1.75,1.672,1.72,511000,1.72
2015-05-15,1.74,1.76,1.60,1.70,1462100,1.70
2015-05-14,1.78,1.79,1.715,1.76,340800,1.76
2015-05-13,1.81,1.82,1.755,1.78,224500,1.78
2015-05-12,1.83,1.84,1.79,1.80,384600,1.80
2015-05-11,1.85,1.87,1.76,1.81,511300,1.81
2015-05-08,1.83,1.92,1.79,1.845,693100,1.845
2015-05-07,1.81,1.865,1.775,1.86,409800,1.86
2015-05-06,1.815,1.815,1.755,1.815,476400,1.815
2015-05-05,1.88,1.89,1.77,1.82,537900,1.82
2015-05-04,1.71,1.86,1.71,1.85,1366300,1.85
2015-05-01,1.765,1.77,1.655,1.71,767900,1.71
2015-04-30,1.76,1.82,1.725,1.815,546000,1.815
2015-04-29,1.76,1.82,1.75,1.80,299300,1.80
2015-04-28,1.815,1.815,1.755,1.78,874400,1.78
2015-04-27,1.90,1.90,1.83,1.83,285000,1.83
2015-04-24,1.88,1.945,1.88,1.90,275300,1.90
2015-04-23,1.85,1.91,1.83,1.88,303600,1.88
2015-04-22,1.87,1.90,1.84,1.90,273400,1.90
2015-04-21,1.96,1.96,1.83,1.84,701600,1.84
2015-04-20,1.98,2.00,1.915,1.935,450900,1.935
2015-04-17,1.985,2.03,1.965,2.03,525500,2.03
2015-04-16,2.02,2.02,1.935,2.00,707200,2.00
2015-04-15,2.02,2.10,1.97,2.00,897000,2.00
2015-04-14,1.86,2.03,1.86,2.00,437600,2.00
2015-04-13,1.89,1.89,1.82,1.86,235000,1.86
2015-04-10,1.91,1.91,1.86,1.89,147800,1.89
2015-04-09,1.80,1.925,1.78,1.91,390900,1.91
2015-04-08,1.85,1.85,1.71,1.85,634100,1.85
2015-04-07,1.89,1.92,1.835,1.84,207600,1.84
2015-04-06,1.885,1.885,1.885,1.885,000,1.885
2015-04-03,1.885,1.885,1.885,1.885,000,1.885
2015-04-02,1.855,1.995,1.82,1.885,1255000,1.885
2015-04-01,2.02,2.05,1.865,1.90,986900,1.90
2015-03-31,2.01,2.14,1.99,2.10,1082700,2.10
2015-03-30,1.99,2.01,1.865,1.95,630600,1.95
2015-03-27,2.06,2.06,1.895,1.99,840800,1.99
2015-03-26,2.14,2.15,2.03,2.08,900400,2.08
2015-03-25,2.25,2.29,2.13,2.18,1330300,2.18
2015-03-24,2.08,2.20,2.02,2.19,1674500,2.19
2015-03-23,2.04,2.15,1.985,2.06,1603700,2.06
2015-03-20,1.97,2.06,1.875,2.01,1535700,2.01
2015-03-19,1.74,1.93,1.73,1.93,965900,1.93
2015-03-18,1.68,1.725,1.60,1.725,492900,1.725
2015-03-17,1.72,1.75,1.675,1.705,118900,1.705
2015-03-16,1.74,1.77,1.70,1.725,190400,1.725
2015-03-13,1.78,1.83,1.695,1.73,550300,1.73
2015-03-12,1.72,1.80,1.67,1.77,773000,1.77
2015-03-11,1.685,1.715,1.63,1.69,378100,1.69
2015-03-10,1.69,1.72,1.67,1.68,651800,1.68
2015-03-09,1.645,1.775,1.585,1.65,1125800,1.65
2015-03-06,1.60,1.68,1.54,1.65,860700,1.65
2015-03-05,1.63,1.69,1.575,1.58,1305900,1.58
2015-03-04,1.37,1.64,1.365,1.62,4111300,1.62
2015-03-03,1.17,1.36,1.17,1.34,1168300,1.34
2015-03-02,1.22,1.235,1.19,1.21,130800,1.21
2015-02-27,1.20,1.225,1.175,1.215,262900,1.215
2015-02-26,1.22,1.225,1.20,1.22,53800,1.22
2015-02-25,1.21,1.245,1.20,1.225,136200,1.225
2015-02-24,1.22,1.22,1.165,1.21,143000,1.21
2015-02-23,1.28,1.28,1.205,1.22,320300,1.22
2015-02-20,1.28,1.30,1.22,1.27,836100,1.27
2015-02-19,1.19,1.19,1.19,1.19,000,1.19
2015-02-18,1.17,1.20,1.165,1.19,215600,1.19
2015-02-17,1.175,1.18,1.15,1.18,297300,1.18
2015-02-16,1.13,1.19,1.10,1.18,602500,1.18
2015-02-13,1.05,1.105,1.04,1.10,817200,1.10
2015-02-12,1.03,1.04,1.00,1.04,187200,1.04
2015-02-11,0.98,1.07,0.98,1.035,1051200,1.035
2015-02-10,0.96,0.99,0.925,0.98,275300,0.98
2015-02-09,1.00,1.00,0.94,0.97,332600,0.97
2015-02-06,0.97,0.99,0.95,0.99,468100,0.99
2015-02-05,0.985,0.99,0.93,0.955,432600,0.955
2015-02-04,1.025,1.03,0.975,1.03,159100,1.03
2015-02-03,1.04,1.04,1.01,1.03,136500,1.03
2015-02-02,1.06,1.06,1.025,1.025,821900,1.025
2015-01-30,1.01,1.06,0.985,1.06,547400,1.06
2015-01-29,0.97,1.03,0.965,1.025,441000,1.025
2015-01-28,1.075,1.075,0.97,0.97,725200,0.97
2015-01-27,0.935,1.10,0.935,1.08,1401600,1.08
2015-01-26,0.95,0.95,0.95,0.95,000,0.95
2015-01-23,0.98,1.02,0.935,0.95,336300,0.95
2015-01-22,0.985,1.03,0.985,1.015,218800,1.015
2015-01-21,1.00,1.00,0.96,0.985,272000,0.985
2015-01-20,1.00,1.01,0.90,1.00,750900,1.00
2015-01-19,1.075,1.08,0.95,1.01,217800,1.01
2015-01-16,1.06,1.13,1.06,1.075,242300,1.075
2015-01-15,1.08,1.095,1.02,1.07,1237700,1.07
2015-01-14,1.215,1.215,1.10,1.13,612000,1.13
2015-01-13,1.29,1.29,1.20,1.225,421600,1.225
2015-01-12,1.275,1.30,1.27,1.285,588100,1.285
2015-01-09,1.26,1.29,1.25,1.275,266300,1.275
2015-01-08,1.25,1.29,1.235,1.255,268300,1.255
2015-01-07,1.245,1.25,1.20,1.25,405300,1.25
2015-01-06,1.26,1.26,1.21,1.245,410700,1.245
2015-01-05,1.23,1.30,1.225,1.265,949400,1.265
2015-01-02,1.195,1.24,1.16,1.215,607600,1.215
2015-01-01,1.18,1.18,1.18,1.18,000,1.18
2014-12-31,1.155,1.185,1.13,1.18,529200,1.18
2014-12-30,1.115,1.20,1.08,1.135,1031400,1.135
2014-12-29,1.07,1.15,1.055,1.135,403700,1.135
2014-12-26,1.06,1.06,1.06,1.06,000,1.06
2014-12-25,1.06,1.06,1.06,1.06,000,1.06
2014-12-24,1.025,1.075,0.99,1.06,283400,1.06
2014-12-23,1.025,1.03,0.98,1.02,256900,1.02
2014-12-22,1.05,1.05,0.98,1.04,403200,1.04
2014-12-19,1.08,1.10,1.00,1.05,1192100,1.05
2014-12-18,0.96,1.065,0.935,1.065,497900,1.065
2014-12-17,0.975,1.015,0.94,0.975,654200,0.975
2014-12-16,0.86,0.99,0.86,0.99,904600,0.99
2014-12-15,0.885,0.90,0.845,0.90,449600,0.90
2014-12-12,0.86,0.90,0.85,0.89,903600,0.89
2014-12-11,0.925,0.93,0.825,0.83,933600,0.83
2014-12-10,0.87,0.92,0.83,0.915,1102800,0.915
2014-12-09,0.88,0.90,0.845,0.87,163300,0.87
2014-12-08,0.875,0.905,0.87,0.89,437300,0.89
2014-12-05,0.90,0.935,0.83,0.875,700500,0.875
2014-12-04,0.84,0.89,0.84,0.865,522800,0.865
2014-12-03,0.75,0.845,0.74,0.84,530600,0.84
2014-12-02,0.775,0.80,0.71,0.76,498500,0.76
2014-12-01,0.835,0.835,0.74,0.77,651500,0.77
2014-11-28,0.84,0.85,0.77,0.835,711000,0.835
2014-11-27,0.84,0.91,0.78,0.83,2095400,0.83
2014-11-26,0.76,0.865,0.755,0.835,1740600,0.835
2014-11-25,0.70,0.74,0.70,0.735,1238400,0.735
2014-11-24,0.70,0.74,0.68,0.69,1241500,0.69
2014-11-21,0.58,0.68,0.55,0.68,1608300,0.68
2014-11-20,0.605,0.62,0.55,0.565,1191100,0.565
2014-11-19,0.505,0.60,0.50,0.58,2828900,0.58
2014-11-18,0.425,0.48,0.39,0.48,1464100,0.48
2014-11-17,0.42,0.42,0.42,0.42,000,0.42
2014-11-14,0.42,0.42,0.42,0.42,000,0.42
2014-11-13,0.41,0.42,0.41,0.42,242300,0.42
2014-11-12,0.415,0.42,0.41,0.42,121800,0.42
2014-11-11,0.41,0.41,0.385,0.395,362700,0.395
2014-11-10,0.42,0.42,0.41,0.41,36600,0.41
2014-11-07,0.425,0.43,0.415,0.425,931700,0.425
2014-11-06,0.41,0.43,0.405,0.43,471500,0.43
2014-11-05,0.40,0.41,0.395,0.41,409000,0.41
2014-11-04,0.39,0.40,0.39,0.40,294400,0.40
2014-11-03,0.38,0.40,0.375,0.39,433900,0.39
2014-10-31,0.36,0.38,0.35,0.38,619800,0.38
2014-10-30,0.375,0.375,0.35,0.355,251700,0.355
2014-10-29,0.375,0.38,0.365,0.37,339300,0.37
2014-10-28,0.375,0.38,0.36,0.37,684300,0.37
2014-10-27,0.38,0.38,0.355,0.38,562900,0.38
2014-10-24,0.375,0.39,0.375,0.385,90000,0.385
2014-10-23,0.40,0.40,0.37,0.375,458900,0.375
2014-10-22,0.415,0.43,0.39,0.39,2997900,0.39
2014-10-21,0.39,0.41,0.39,0.395,2981500,0.395
2014-10-20,0.36,0.39,0.36,0.385,798900,0.385
2014-10-17,0.32,0.35,0.315,0.34,1818000,0.34
2014-10-16,0.34,0.34,0.32,0.325,2044700,0.325
2014-10-15,0.345,0.365,0.32,0.34,5540100,0.34
2014-10-14,0.32,0.32,0.32,0.32,000,0.32
2014-10-10,0.32,0.32,0.32,0.32,000,0.32
2014-10-09,0.32,0.32,0.32,0.32,000,0.32
2014-10-08,0.32,0.32,0.32,0.32,000,0.32
2014-10-07,0.32,0.32,0.32,0.32,000,0.32
2014-10-06,0.32,0.32,0.32,0.32,000,0.32
2014-10-03,0.32,0.32,0.32,0.32,000,0.32
2014-10-02,0.32,0.32,0.32,0.32,000,0.32
2014-10-01,0.32,0.32,0.32,0.32,000,6.40
2014-09-30,0.016,0.016,0.016,0.016,000,0.32
2014-09-29,0.016,0.016,0.016,0.016,5000,0.32
2014-09-26,0.014,0.016,0.014,0.015,203400,0.30
2014-09-25,0.016,0.016,0.016,0.016,128000,0.32
2014-09-24,0.016,0.016,0.015,0.016,235600,0.32
2014-09-23,0.015,0.016,0.015,0.016,65400,0.32
2014-09-22,0.017,0.017,0.016,0.016,324700,0.32
2014-09-19,0.017,0.017,0.016,0.016,60500,0.32
2014-09-18,0.017,0.018,0.017,0.017,272800,0.34
2014-09-17,0.016,0.017,0.016,0.017,667500,0.34
2014-09-16,0.015,0.016,0.015,0.016,47500,0.32
2014-09-15,0.015,0.015,0.015,0.015,8300,0.30
2014-09-12,0.015,0.015,0.015,0.015,287500,0.30
2014-09-11,0.014,0.014,0.014,0.014,165000,0.28
2014-09-10,0.014,0.014,0.013,0.014,380500,0.28
2014-09-09,0.015,0.015,0.014,0.014,201700,0.28
2014-09-08,0.014,0.014,0.013,0.014,566100,0.28
2014-09-05,0.015,0.015,0.015,0.015,295000,0.30
2014-09-04,0.016,0.016,0.015,0.015,60000,0.30
2014-09-03,0.015,0.016,0.015,0.016,52100,0.32
2014-09-02,0.014,0.015,0.014,0.015,416000,0.30
2014-09-01,0.015,0.015,0.014,0.014,325900,0.28
2014-08-29,0.016,0.016,0.015,0.015,250200,0.30
2014-08-28,0.016,0.016,0.016,0.016,15000,0.32
2014-08-27,0.016,0.016,0.016,0.016,100000,0.32
2014-08-26,0.016,0.016,0.016,0.016,125000,0.32
2014-08-25,0.016,0.016,0.016,0.016,34500,0.32
2014-08-22,0.015,0.016,0.015,0.016,314000,0.32
2014-08-21,0.015,0.015,0.015,0.015,000,0.30
2014-08-20,0.015,0.015,0.015,0.015,000,0.30
2014-08-19,0.015,0.015,0.015,0.015,35000,0.30
2014-08-18,0.015,0.015,0.015,0.015,3200,0.30
2014-08-15,0.015,0.015,0.015,0.015,6900,0.30
2014-08-14,0.015,0.015,0.014,0.015,95500,0.30
2014-08-13,0.015,0.015,0.015,0.015,000,0.30
2014-08-12,0.015,0.015,0.015,0.015,88800,0.30
2014-08-11,0.015,0.015,0.015,0.015,32500,0.30
2014-08-08,0.016,0.016,0.016,0.016,11600,0.32
2014-08-07,0.015,0.016,0.015,0.016,152500,0.32
2014-08-06,0.014,0.015,0.014,0.015,129500,0.30
2014-08-05,0.015,0.015,0.014,0.014,91200,0.28
2014-08-04,0.014,0.015,0.014,0.015,255000,0.30
2014-08-01,0.013,0.014,0.013,0.014,145500,0.28
2014-07-31,0.014,0.014,0.013,0.013,266800,0.26
2014-07-30,0.014,0.014,0.014,0.014,2500,0.28
2014-07-29,0.014,0.014,0.014,0.014,000,0.28
2014-07-28,0.014,0.014,0.014,0.014,28000,0.28
2014-07-25,0.015,0.015,0.015,0.015,13100,0.30
2014-07-24,0.014,0.015,0.014,0.015,119200,0.30
2014-07-23,0.014,0.014,0.014,0.014,36700,0.28
2014-07-22,0.014,0.015,0.014,0.014,43900,0.28
2014-07-21,0.014,0.014,0.014,0.014,65200,0.28
2014-07-18,0.015,0.015,0.015,0.015,000,0.30
2014-07-17,0.014,0.015,0.014,0.015,36100,0.30
2014-07-16,0.015,0.015,0.014,0.014,172500,0.28
2014-07-15,0.015,0.015,0.014,0.015,307200,0.30
2014-07-14,0.015,0.015,0.015,0.015,138400,0.30
2014-07-11,0.016,0.017,0.016,0.016,105000,0.32
2014-07-10,0.015,0.016,0.015,0.016,142300,0.32
2014-07-09,0.015,0.015,0.015,0.015,96100,0.30
2014-07-08,0.016,0.016,0.015,0.015,144600,0.30
2014-07-07,0.015,0.016,0.015,0.015,88300,0.30
2014-07-04,0.017,0.017,0.016,0.016,222900,0.32
2014-07-03,0.017,0.017,0.017,0.017,33500,0.34
2014-07-02,0.016,0.016,0.016,0.016,49500,0.32
2014-07-01,0.015,0.017,0.015,0.015,180600,0.30
2014-06-30,0.016,0.017,0.014,0.014,727600,0.28
2014-06-27,0.017,0.017,0.017,0.017,9500,0.34
2014-06-26,0.016,0.017,0.016,0.016,147600,0.32
2014-06-25,0.016,0.017,0.016,0.017,123900,0.34
2014-06-24,0.018,0.018,0.016,0.016,357900,0.32
2014-06-23,0.016,0.018,0.016,0.017,1175700,0.34
2014-06-20,0.015,0.015,0.014,0.014,415200,0.28
2014-06-19,0.014,0.015,0.014,0.014,453300,0.28
2014-06-18,0.013,0.014,0.012,0.013,665200,0.26
2014-06-17,0.012,0.015,0.012,0.013,1074400,0.26
2014-06-16,0.011,0.012,0.011,0.012,108400,0.24
2014-06-13,0.01,0.01,0.01,0.01,125000,0.20
2014-06-12,0.01,0.01,0.01,0.01,105500,0.20
2014-06-11,0.01,0.01,0.01,0.01,50000,0.20
2014-06-10,0.01,0.01,0.01,0.01,25000,0.20
2014-06-09,0.01,0.01,0.01,0.01,000,0.20
2014-06-06,0.01,0.01,0.01,0.01,176300,0.20
2014-06-05,0.01,0.01,0.009,0.009,9100,0.18
2014-06-04,0.01,0.01,0.01,0.01,000,0.20
2014-06-03,0.009,0.01,0.009,0.01,35700,0.20
2014-06-02,0.009,0.01,0.009,0.01,102000,0.20
2014-05-30,0.01,0.01,0.01,0.01,164700,0.20
2014-05-29,0.009,0.01,0.009,0.01,51500,0.20
2014-05-28,0.01,0.01,0.01,0.01,212000,0.20
2014-05-27,0.01,0.01,0.01,0.01,50000,0.20
2014-05-26,0.01,0.01,0.01,0.01,714500,0.20
2014-05-23,0.01,0.011,0.009,0.011,730200,0.22
2014-05-22,0.009,0.011,0.009,0.011,1115300,0.22
2014-05-21,0.009,0.009,0.009,0.009,000,0.18
2014-05-20,0.008,0.009,0.008,0.009,55000,0.18
2014-05-19,0.008,0.008,0.008,0.008,000,0.16
2014-05-16,0.008,0.009,0.008,0.008,154500,0.16
2014-05-15,0.009,0.009,0.008,0.009,230300,0.18
2014-05-14,0.008,0.008,0.008,0.008,11200,0.16
2014-05-13,0.007,0.008,0.006,0.008,750400,0.16
2014-05-12,0.008,0.008,0.008,0.008,47800,0.16
2014-05-09,0.008,0.008,0.008,0.008,000,0.16
2014-05-08,0.008,0.008,0.008,0.008,3100,0.16
2014-05-07,0.008,0.008,0.008,0.008,43700,0.16
2014-05-06,0.008,0.008,0.007,0.008,200000,0.16
2014-05-05,0.009,0.009,0.007,0.008,117700,0.16
2014-05-02,0.008,0.008,0.008,0.008,75000,0.16
2014-05-01,0.008,0.008,0.008,0.008,70500,0.16
2014-04-30,0.008,0.008,0.008,0.008,44100,0.16
2014-04-29,0.008,0.008,0.008,0.008,144700,0.16
2014-04-28,0.009,0.009,0.008,0.008,300500,0.16
2014-04-25,0.008,0.008,0.008,0.008,000,0.16
2014-04-24,0.008,0.008,0.008,0.008,50000,0.16
2014-04-23,0.008,0.008,0.008,0.008,177100,0.16
2014-04-22,0.009,0.009,0.009,0.009,74000,0.18
2014-04-21,0.009,0.009,0.009,0.009,000,0.18
2014-04-18,0.009,0.009,0.009,0.009,000,0.18
2014-04-17,0.008,0.009,0.008,0.009,504500,0.18
2014-04-16,0.008,0.008,0.008,0.008,89000,0.16
2014-04-15,0.009,0.009,0.008,0.008,519200,0.16
2014-04-14,0.008,0.008,0.007,0.007,65000,0.14
2014-04-11,0.009,0.009,0.008,0.009,144300,0.18
2014-04-10,0.009,0.009,0.009,0.009,507300,0.18
2014-04-09,0.012,0.013,0.008,0.009,1481400,0.18
2014-04-08,0.009,0.009,0.009,0.009,000,0.18
2014-04-07,0.009,0.009,0.009,0.009,000,0.18
2014-04-04,0.009,0.009,0.009,0.009,000,0.18
2014-04-03,0.009,0.009,0.009,0.009,000,0.18
2014-04-02,0.011,0.011,0.009,0.009,430000,0.18
2014-04-01,0.013,0.013,0.01,0.012,461000,0.24
2014-03-31,0.015,0.016,0.013,0.013,871200,0.26
2014-03-28,0.012,0.015,0.012,0.015,494100,0.30
2014-03-27,0.012,0.012,0.012,0.012,191200,0.24
2014-03-26,0.014,0.014,0.012,0.012,475300,0.24
2014-03-25,0.014,0.014,0.013,0.014,127000,0.28
2014-03-24,0.012,0.015,0.012,0.014,449500,0.28
2014-03-21,0.011,0.012,0.011,0.011,320100,0.22
2014-03-20,0.01,0.011,0.01,0.011,210600,0.22
2014-03-19,0.012,0.012,0.011,0.011,84500,0.22
2014-03-18,0.012,0.012,0.012,0.012,223100,0.24
2014-03-17,0.012,0.012,0.011,0.011,370200,0.22
2014-03-14,0.012,0.012,0.011,0.012,79200,0.24
2014-03-13,0.011,0.012,0.01,0.012,573700,0.24
2014-03-12,0.009,0.013,0.008,0.011,1345100,0.22
2014-03-11,0.01,0.01,0.009,0.009,39600,0.18
2014-03-10,0.008,0.01,0.008,0.009,376400,0.18
2014-03-07,0.006,0.007,0.006,0.007,121400,0.14
2014-03-06,0.007,0.007,0.006,0.006,115000,0.12
2014-03-05,0.007,0.007,0.007,0.007,000,0.14
2014-03-04,0.004,0.007,0.004,0.007,435100,0.14
2014-03-03,0.005,0.005,0.005,0.005,30000,0.10
2014-02-28,0.004,0.004,0.004,0.004,50000,0.08
2014-02-27,0.004,0.004,0.004,0.004,000,0.08
2014-02-26,0.004,0.004,0.004,0.004,50000,0.08
2014-02-25,0.004,0.004,0.004,0.004,000,0.08
2014-02-24,0.004,0.004,0.004,0.004,000,0.08
2014-02-21,0.004,0.004,0.004,0.004,000,0.08
2014-02-20,0.004,0.004,0.004,0.004,000,0.08
2014-02-19,0.004,0.004,0.004,0.004,50000,0.08
2014-02-18,0.004,0.004,0.004,0.004,1020800,0.08
2014-02-17,0.004,0.004,0.004,0.004,123900,0.08
2014-02-14,0.004,0.004,0.004,0.004,100200,0.08
2014-02-13,0.004,0.004,0.004,0.004,342100,0.08
2014-02-12,0.003,0.003,0.003,0.003,206800,0.06
2014-02-11,0.003,0.003,0.003,0.003,000,0.06
2014-02-10,0.003,0.003,0.003,0.003,92500,0.06
2014-02-07,0.003,0.003,0.003,0.003,000,0.06
2014-02-06,0.003,0.003,0.003,0.003,20000,0.06
2014-02-05,0.004,0.004,0.004,0.004,000,0.08
2014-02-04,0.004,0.004,0.004,0.004,000,0.08
2014-02-03,0.004,0.004,0.004,0.004,000,0.08
2014-01-31,0.004,0.004,0.004,0.004,360000,0.08
2014-01-30,0.004,0.004,0.004,0.004,315900,0.08
2014-01-29,0.006,0.006,0.006,0.006,000,0.12
2014-01-28,0.006,0.006,0.006,0.006,000,0.12
2014-01-27,0.006,0.006,0.006,0.006,000,0.12
2014-01-24,0.006,0.006,0.006,0.006,000,0.12
2014-01-23,0.007,0.007,0.006,0.006,124000,0.12
2014-01-22,0.007,0.007,0.007,0.007,000,0.14
2014-01-21,0.007,0.007,0.007,0.007,000,0.14
2014-01-20,0.007,0.007,0.007,0.007,000,0.14
2014-01-17,0.007,0.007,0.007,0.007,000,0.14
2014-01-16,0.007,0.007,0.007,0.007,000,0.14
2014-01-15,0.007,0.007,0.007,0.007,25000,0.14
2014-01-14,0.007,0.007,0.007,0.007,1000,0.14
2014-01-13,0.006,0.006,0.006,0.006,000,0.12
2014-01-10,0.006,0.006,0.006,0.006,000,0.12
2014-01-09,0.006,0.006,0.006,0.006,000,0.12
2014-01-08,0.006,0.006,0.006,0.006,000,0.12
2014-01-07,0.006,0.006,0.006,0.006,000,0.12
2014-01-06,0.006,0.006,0.006,0.006,19200,0.12
2014-01-03,0.006,0.006,0.006,0.006,000,0.12
2014-01-02,0.007,0.007,0.006,0.006,214300,0.12
2014-01-01,0.006,0.006,0.006,0.006,000,0.12
2013-12-31,0.009,0.009,0.006,0.006,26000,0.12
2013-12-30,0.014,0.014,0.014,0.014,000,0.28
2013-12-27,0.014,0.014,0.014,0.014,000,0.28
2013-12-26,0.014,0.014,0.014,0.014,000,0.28
2013-12-25,0.014,0.014,0.014,0.014,000,0.28
2013-12-24,0.014,0.014,0.014,0.014,000,0.28
2013-12-23,0.014,0.014,0.014,0.014,000,0.28
2013-12-20,0.014,0.014,0.014,0.014,000,0.28
2013-12-19,0.012,0.014,0.012,0.014,5000,0.28
2013-12-18,0.01,0.01,0.01,0.01,000,0.20
2013-12-17,0.01,0.01,0.01,0.01,000,0.20
2013-12-16,0.01,0.01,0.01,0.01,000,0.20
2013-12-13,0.01,0.01,0.01,0.01,000,0.20
2013-12-12,0.01,0.01,0.01,0.01,000,0.20
2013-12-11,0.01,0.01,0.01,0.01,000,0.20
2013-12-10,0.01,0.01,0.01,0.01,400,0.20
2013-12-09,0.009,0.009,0.009,0.009,000,0.18
2013-12-06,0.009,0.009,0.009,0.009,2900,0.18
2013-12-05,0.007,0.007,0.007,0.007,000,0.14
2013-12-04,0.007,0.007,0.007,0.007,000,0.14
2013-12-03,0.007,0.007,0.007,0.007,000,0.14
2013-12-02,0.007,0.007,0.007,0.007,000,0.14
2013-11-29,0.007,0.007,0.007,0.007,000,0.14
2013-11-28,0.007,0.007,0.007,0.007,000,0.14
2013-11-27,0.007,0.007,0.007,0.007,000,0.14
2013-11-26,0.007,0.007,0.007,0.007,000,0.14
2013-11-25,0.007,0.007,0.007,0.007,000,0.14
2013-11-22,0.007,0.007,0.007,0.007,000,0.14
2013-11-21,0.007,0.007,0.007,0.007,000,0.14
2013-11-20,0.007,0.007,0.007,0.007,000,0.14
2013-11-19,0.007,0.007,0.007,0.007,000,0.14
2013-11-18,0.007,0.007,0.007,0.007,000,0.14
2013-11-15,0.007,0.007,0.007,0.007,000,0.14
2013-11-14,0.007,0.007,0.007,0.007,000,0.14
2013-11-13,0.007,0.007,0.007,0.007,000,0.14
2013-11-12,0.007,0.007,0.007,0.007,000,0.14
2013-11-11,0.007,0.007,0.007,0.007,000,0.14
2013-11-08,0.007,0.007,0.007,0.007,000,0.14
2013-11-07,0.007,0.007,0.007,0.007,000,0.14
2013-11-06,0.007,0.007,0.007,0.007,000,0.14
2013-11-05,0.007,0.007,0.007,0.007,000,0.14
2013-11-04,0.007,0.007,0.007,0.007,000,0.14
2013-11-01,0.007,0.007,0.007,0.007,000,0.14
2013-10-31,0.007,0.007,0.007,0.007,000,0.14
2013-10-30,0.007,0.007,0.007,0.007,000,0.14
2013-10-29,0.007,0.007,0.007,0.007,000,0.14
2013-10-28,0.007,0.007,0.007,0.007,5000,0.14
2013-10-25,0.006,0.006,0.006,0.006,000,0.12
2013-10-24,0.006,0.006,0.006,0.006,000,0.12
2013-10-23,0.006,0.006,0.006,0.006,000,0.12
2013-10-22,0.006,0.006,0.006,0.006,000,0.12
2013-10-21,0.006,0.006,0.006,0.006,000,0.12
2013-10-18,0.006,0.006,0.006,0.006,000,0.12
2013-10-17,0.006,0.006,0.006,0.006,000,0.12
2013-10-16,0.006,0.006,0.006,0.006,000,0.12
2013-10-15,0.006,0.006,0.006,0.006,000,0.12
2013-10-14,0.006,0.006,0.006,0.006,000,0.12
2013-10-11,0.006,0.006,0.006,0.006,000,0.12
2013-10-10,0.006,0.006,0.006,0.006,000,0.12
2013-10-09,0.006,0.006,0.006,0.006,000,0.12
2013-10-08,0.006,0.006,0.006,0.006,000,0.12
2013-10-07,0.006,0.006,0.006,0.006,000,0.12
2013-10-04,0.006,0.006,0.006,0.006,000,0.12
2013-10-03,0.006,0.006,0.006,0.006,000,0.12
2013-10-02,0.006,0.006,0.006,0.006,000,0.12
2013-10-01,0.006,0.006,0.006,0.006,000,0.12
2013-09-30,0.006,0.006,0.006,0.006,000,0.12
2013-09-27,0.006,0.006,0.006,0.006,000,0.12
2013-09-26,0.006,0.006,0.006,0.006,000,0.12
2013-09-25,0.006,0.006,0.006,0.006,000,0.12
2013-09-24,0.006,0.006,0.006,0.006,000,0.12
2013-09-23,0.006,0.006,0.006,0.006,000,0.12
2013-09-20,0.006,0.006,0.006,0.006,000,0.12
2013-09-19,0.006,0.006,0.006,0.006,000,0.12
2013-09-18,0.006,0.006,0.006,0.006,000,0.12
2013-09-17,0.006,0.006,0.006,0.006,000,0.12
2013-09-16,0.006,0.006,0.006,0.006,000,0.12
2013-09-13,0.006,0.006,0.006,0.006,000,0.12
2013-09-12,0.006,0.006,0.006,0.006,000,0.12
2013-09-11,0.006,0.006,0.006,0.006,000,0.12
2013-09-10,0.006,0.006,0.006,0.006,000,0.12
2013-09-09,0.006,0.006,0.006,0.006,000,0.12
2013-09-06,0.006,0.006,0.006,0.006,000,0.12
2013-09-05,0.006,0.006,0.006,0.006,000,0.12
2013-09-04,0.006,0.006,0.006,0.006,000,0.12
2013-09-03,0.006,0.006,0.006,0.006,000,0.12
2013-09-02,0.006,0.006,0.006,0.006,000,0.12
2013-08-30,0.006,0.006,0.006,0.006,000,0.12
2013-08-29,0.006,0.006,0.006,0.006,000,0.12
2013-08-28,0.006,0.006,0.006,0.006,000,0.12
2013-08-27,0.006,0.006,0.006,0.006,000,0.12
2013-08-26,0.006,0.006,0.006,0.006,000,0.12
2013-08-23,0.006,0.006,0.006,0.006,000,0.12
2013-08-22,0.006,0.006,0.006,0.006,000,0.12
2013-08-21,0.006,0.006,0.006,0.006,000,0.12
2013-08-20,0.006,0.006,0.006,0.006,000,0.12
2013-08-19,0.006,0.006,0.006,0.006,000,0.12
2013-08-16,0.006,0.006,0.006,0.006,000,0.12
2013-08-15,0.006,0.006,0.006,0.006,000,0.12
2013-08-14,0.006,0.006,0.006,0.006,000,0.12
2013-08-13,0.006,0.006,0.006,0.006,000,0.12
2013-08-12,0.006,0.006,0.006,0.006,000,0.12
2013-08-09,0.006,0.006,0.006,0.006,000,0.12
2013-08-08,0.006,0.006,0.006,0.006,000,0.12
2013-08-07,0.006,0.006,0.006,0.006,000,0.12
2013-08-06,0.006,0.006,0.006,0.006,000,0.12
2013-08-05,0.006,0.006,0.006,0.006,000,0.12
2013-08-02,0.006,0.006,0.006,0.006,000,0.12
2013-08-01,0.006,0.006,0.006,0.006,000,0.12
2013-07-31,0.006,0.006,0.006,0.006,000,0.12
2013-07-30,0.006,0.006,0.006,0.006,000,0.12
2013-07-29,0.006,0.006,0.006,0.006,000,0.12
2013-07-26,0.006,0.006,0.006,0.006,000,0.12
2013-07-25,0.006,0.006,0.006,0.006,000,0.12
2013-07-24,0.006,0.006,0.006,0.006,000,0.12
2013-07-23,0.006,0.006,0.006,0.006,000,0.12
2013-07-22,0.006,0.006,0.006,0.006,000,0.12
2013-07-19,0.006,0.006,0.006,0.006,000,0.12
2013-07-18,0.006,0.006,0.006,0.006,000,0.12
2013-07-17,0.006,0.006,0.006,0.006,000,0.12
2013-07-16,0.006,0.006,0.006,0.006,000,0.12
2013-07-15,0.006,0.006,0.006,0.006,000,0.12
2013-07-12,0.006,0.006,0.006,0.006,000,0.12
2013-07-11,0.006,0.006,0.006,0.006,000,0.12
2013-07-10,0.006,0.006,0.006,0.006,000,0.12
2013-07-09,0.006,0.006,0.006,0.006,000,0.12
2013-07-08,0.006,0.006,0.006,0.006,000,0.12
2013-07-05,0.006,0.006,0.006,0.006,3700,0.12
2013-07-04,0.005,0.005,0.005,0.005,000,0.10
2013-07-03,0.005,0.005,0.005,0.005,000,0.10
2013-07-02,0.005,0.005,0.005,0.005,000,0.10
2013-07-01,0.005,0.005,0.005,0.005,000,0.10
2013-06-28,0.005,0.005,0.005,0.005,000,0.10
2013-06-27,0.005,0.005,0.005,0.005,000,0.10
2013-06-26,0.005,0.005,0.005,0.005,300,0.10
2013-06-25,0.005,0.005,0.005,0.005,000,0.10
2013-06-24,0.005,0.005,0.005,0.005,000,0.10
2013-06-21,0.005,0.005,0.005,0.005,000,0.10
2013-06-20,0.005,0.005,0.005,0.005,000,0.10
2013-06-19,0.005,0.005,0.005,0.005,000,0.10
2013-06-18,0.005,0.005,0.005,0.005,3700,0.10
2013-06-17,0.006,0.006,0.005,0.005,10000,0.10
2013-06-14,0.018,0.018,0.018,0.018,000,0.36
2013-06-13,0.018,0.018,0.018,0.018,000,0.36
2013-06-12,0.018,0.018,0.018,0.018,000,0.36
2013-06-11,0.018,0.018,0.018,0.018,000,0.36
2013-06-10,0.018,0.018,0.018,0.018,000,0.36
2013-06-07,0.018,0.018,0.018,0.018,000,0.36
2013-06-06,0.018,0.018,0.018,0.018,000,0.36
2013-06-05,0.018,0.018,0.018,0.018,000,0.36
2013-06-04,0.018,0.018,0.018,0.018,000,0.36
2013-06-03,0.018,0.018,0.018,0.018,000,0.36
2013-05-31,0.018,0.018,0.018,0.018,000,0.36
2013-05-30,0.018,0.018,0.018,0.018,000,0.36
2013-05-29,0.018,0.018,0.018,0.018,000,0.36
2013-05-28,0.018,0.018,0.018,0.018,000,0.36
2013-05-27,0.018,0.018,0.018,0.018,000,0.36
2013-05-24,0.018,0.018,0.018,0.018,000,0.36
2013-05-23,0.018,0.018,0.018,0.018,000,0.36
2013-05-22,0.018,0.018,0.018,0.018,000,0.36
2013-05-21,0.018,0.018,0.018,0.018,000,0.36
2013-05-20,0.018,0.018,0.018,0.018,000,0.36
2013-05-17,0.018,0.018,0.018,0.018,000,0.36
2013-05-16,0.018,0.018,0.018,0.018,000,0.36
2013-05-15,0.018,0.018,0.018,0.018,000,0.36
2013-05-14,0.018,0.018,0.018,0.018,000,0.36
2013-05-13,0.018,0.018,0.018,0.018,000,0.36
2013-05-10,0.018,0.018,0.018,0.018,000,0.36
2013-05-09,0.018,0.018,0.018,0.018,000,0.36
2013-05-08,0.018,0.018,0.018,0.018,000,0.36
2013-05-07,0.018,0.018,0.018,0.018,000,0.36
2013-05-06,0.018,0.018,0.018,0.018,000,0.36
2013-05-03,0.018,0.018,0.018,0.018,000,0.36
2013-05-02,0.018,0.018,0.018,0.018,000,0.36
2013-05-01,0.018,0.018,0.018,0.018,000,0.36
2013-04-30,0.018,0.018,0.018,0.018,000,0.36
2013-04-29,0.018,0.018,0.018,0.018,000,0.36
2013-04-26,0.018,0.018,0.018,0.018,000,0.36
2013-04-25,0.018,0.018,0.018,0.018,000,0.36
2013-04-24,0.018,0.018,0.018,0.018,000,0.36
2013-04-23,0.018,0.018,0.018,0.018,000,0.36
2013-04-22,0.018,0.018,0.018,0.018,000,0.36
2013-04-19,0.018,0.018,0.018,0.018,000,0.36
2013-04-18,0.018,0.018,0.018,0.018,000,0.36
2013-04-17,0.018,0.018,0.018,0.018,000,0.36
2013-04-16,0.018,0.018,0.018,0.018,000,0.36
2013-04-15,0.018,0.018,0.018,0.018,000,0.36
2013-04-12,0.018,0.018,0.018,0.018,000,0.36
2013-04-11,0.018,0.018,0.018,0.018,000,0.36
2013-04-10,0.018,0.018,0.018,0.018,000,0.36
2013-04-09,0.018,0.018,0.018,0.018,000,0.36
2013-04-08,0.018,0.018,0.018,0.018,000,0.36
2013-04-05,0.018,0.018,0.018,0.018,000,0.36
2013-04-04,0.018,0.018,0.018,0.018,10200,0.36
2013-04-03,0.024,0.024,0.024,0.024,000,0.48
2013-04-02,0.024,0.024,0.024,0.024,000,0.48
2013-04-01,0.024,0.024,0.024,0.024,000,0.48
2013-03-29,0.024,0.024,0.024,0.024,000,0.48
2013-03-28,0.024,0.024,0.024,0.024,000,0.48
2013-03-27,0.024,0.024,0.024,0.024,000,0.48
2013-03-26,0.025,0.025,0.024,0.024,12200,0.48
2013-03-25,0.019,0.019,0.019,0.019,000,0.38
2013-03-22,0.019,0.019,0.019,0.019,000,0.38
2013-03-21,0.019,0.019,0.019,0.019,000,0.38
2013-03-20,0.019,0.019,0.019,0.019,000,0.38
2013-03-19,0.019,0.019,0.019,0.019,000,0.38
2013-03-18,0.019,0.019,0.019,0.019,32600,0.38
2013-03-15,0.02,0.02,0.02,0.02,000,0.40
2013-03-14,0.022,0.022,0.02,0.02,1600,0.40
2013-03-13,0.03,0.03,0.03,0.03,000,0.60
2013-03-12,0.03,0.03,0.03,0.03,000,0.60
2013-03-11,0.03,0.03,0.03,0.03,000,0.60
2013-03-08,0.03,0.03,0.03,0.03,000,0.60
2013-03-07,0.03,0.03,0.03,0.03,000,0.60
2013-03-06,0.03,0.03,0.03,0.03,000,0.60
2013-03-05,0.03,0.03,0.03,0.03,000,0.60
2013-03-04,0.03,0.03,0.03,0.03,000,0.60
2013-03-01,0.03,0.03,0.03,0.03,000,0.60
2013-02-28,0.03,0.03,0.03,0.03,000,0.60
2013-02-27,0.03,0.03,0.03,0.03,000,0.60
2013-02-26,0.03,0.03,0.03,0.03,000,0.60
2013-02-25,0.03,0.03,0.03,0.03,000,0.60
2013-02-22,0.03,0.03,0.03,0.03,000,0.60
2013-02-21,0.03,0.03,0.03,0.03,000,0.60
2013-02-20,0.03,0.03,0.03,0.03,000,0.60
2013-02-19,0.03,0.03,0.03,0.03,000,0.60
2013-02-18,0.03,0.03,0.03,0.03,000,0.60
2013-02-15,0.03,0.03,0.03,0.03,000,0.60
2013-02-14,0.03,0.03,0.03,0.03,000,0.60
2013-02-13,0.03,0.03,0.03,0.03,000,0.60
2013-02-12,0.03,0.03,0.03,0.03,000,0.60
2013-02-11,0.03,0.03,0.03,0.03,000,0.60
2013-02-08,0.03,0.03,0.03,0.03,000,0.60
2013-02-07,0.03,0.03,0.03,0.03,000,0.60
2013-02-06,0.03,0.03,0.03,0.03,000,0.60
2013-02-05,0.03,0.03,0.03,0.03,000,0.60
2013-02-04,0.03,0.03,0.03,0.03,40000,0.60
2013-02-01,0.029,0.029,0.029,0.029,67200,0.58
2013-01-31,0.034,0.035,0.033,0.033,13500,0.66
2013-01-30,0.03,0.034,0.03,0.034,27400,0.68
2013-01-29,0.032,0.032,0.03,0.03,3500,0.60
2013-01-28,0.033,0.033,0.033,0.033,000,0.66
2013-01-25,0.033,0.035,0.033,0.033,13300,0.66
2013-01-24,0.025,0.025,0.025,0.025,000,0.50
2013-01-22,0.025,0.025,0.025,0.025,000,0.50
2013-01-21,0.025,0.025,0.025,0.025,5000,0.50
2013-01-18,0.025,0.025,0.025,0.025,000,0.50
2013-01-17,0.025,0.025,0.025,0.025,000,0.50
2013-01-16,0.025,0.025,0.025,0.025,000,0.50
2013-01-15,0.025,0.025,0.025,0.025,2200,0.50
2013-01-14,0.035,0.035,0.035,0.035,000,0.70
2013-01-11,0.035,0.035,0.035,0.035,000,0.70
2013-01-10,0.035,0.035,0.035,0.035,000,0.70
2013-01-09,0.035,0.035,0.035,0.035,000,0.70
2013-01-08,0.035,0.035,0.035,0.035,000,0.70
2013-01-07,0.035,0.035,0.035,0.035,000,0.70
2013-01-04,0.035,0.035,0.035,0.035,000,0.70
2013-01-03,0.035,0.035,0.035,0.035,000,0.70
2013-01-02,0.035,0.035,0.035,0.035,000,0.70
2013-01-01,0.035,0.035,0.035,0.035,000,0.70
2012-12-31,0.035,0.035,0.035,0.035,000,0.70
2012-12-28,0.035,0.035,0.035,0.035,000,0.70
2012-12-27,0.035,0.035,0.035,0.035,000,0.70
2012-12-26,0.035,0.035,0.035,0.035,000,0.70
2012-12-25,0.035,0.035,0.035,0.035,000,0.70
2012-12-24,0.035,0.035,0.035,0.035,000,0.70
2012-12-21,0.035,0.035,0.035,0.035,000,0.70
2012-12-20,0.035,0.035,0.035,0.035,000,0.70
2012-12-19,0.035,0.035,0.035,0.035,000,0.70
2012-12-18,0.035,0.035,0.035,0.035,000,0.70
2012-12-17,0.035,0.035,0.035,0.035,000,0.70
2012-12-14,0.035,0.035,0.035,0.035,000,0.70
2012-12-13,0.035,0.035,0.035,0.035,000,0.70
2012-12-12,0.035,0.035,0.035,0.035,000,0.70
2012-12-11,0.035,0.035,0.035,0.035,000,0.70
2012-12-10,0.035,0.035,0.035,0.035,000,0.70
2012-12-07,0.035,0.035,0.035,0.035,000,0.70
2012-12-06,0.035,0.035,0.035,0.035,000,0.70
2012-12-05,0.035,0.035,0.035,0.035,000,0.70
2012-12-04,0.035,0.035,0.035,0.035,000,0.70
2012-12-03,0.035,0.035,0.035,0.035,000,0.70
2012-11-30,0.035,0.035,0.035,0.035,000,0.70
2012-11-29,0.035,0.035,0.035,0.035,000,0.70
2012-11-28,0.035,0.035,0.035,0.035,000,0.70
2012-11-27,0.035,0.035,0.035,0.035,000,0.70
2012-11-26,0.035,0.035,0.035,0.035,000,0.70
2012-11-23,0.035,0.035,0.035,0.035,000,0.70
2012-11-22,0.035,0.035,0.035,0.035,000,0.70
2012-11-21,0.035,0.035,0.035,0.035,000,0.70
2012-11-20,0.035,0.035,0.035,0.035,000,0.70
2012-11-19,0.035,0.035,0.035,0.035,000,0.70
2012-11-16,0.035,0.035,0.035,0.035,000,0.70
2012-11-15,0.035,0.035,0.035,0.035,000,0.70
2012-11-14,0.035,0.035,0.035,0.035,000,0.70
2012-11-13,0.035,0.035,0.035,0.035,000,0.70
2012-11-12,0.035,0.035,0.035,0.035,000,0.70
2012-11-09,0.035,0.035,0.035,0.035,000,0.70
2012-11-08,0.035,0.035,0.035,0.035,000,0.70
2012-11-07,0.035,0.035,0.035,0.035,000,0.70
2012-11-06,0.035,0.035,0.035,0.035,000,0.70
2012-11-05,0.035,0.035,0.035,0.035,000,0.70
2012-11-02,0.035,0.035,0.035,0.035,000,0.70
2012-11-01,0.035,0.035,0.035,0.035,000,0.70
2012-10-31,0.035,0.035,0.035,0.035,000,0.70
2012-10-30,0.035,0.035,0.035,0.035,000,0.70
2012-10-29,0.035,0.035,0.035,0.035,000,0.70
2012-10-26,0.035,0.035,0.035,0.035,000,0.70
2012-10-25,0.035,0.035,0.035,0.035,000,0.70
2012-10-24,0.035,0.035,0.035,0.035,000,0.70
2012-10-23,0.035,0.035,0.035,0.035,000,0.70
2012-10-22,0.035,0.035,0.035,0.035,000,0.70
2012-10-19,0.035,0.035,0.035,0.035,000,0.70
2012-10-18,0.035,0.035,0.035,0.035,000,0.70
2012-10-17,0.035,0.035,0.035,0.035,000,0.70
2012-10-16,0.035,0.035,0.035,0.035,000,0.70
2012-10-15,0.035,0.035,0.035,0.035,000,0.70
2012-10-12,0.035,0.035,0.035,0.035,000,0.70
2012-10-11,0.035,0.035,0.035,0.035,000,0.70
2012-10-10,0.035,0.035,0.035,0.035,000,0.70
2012-10-09,0.035,0.035,0.035,0.035,000,0.70
2012-10-08,0.035,0.035,0.035,0.035,000,0.70
2012-10-05,0.035,0.035,0.035,0.035,000,0.70
2012-10-04,0.035,0.035,0.035,0.035,000,0.70
2012-10-03,0.035,0.035,0.035,0.035,000,0.70
2012-10-02,0.035,0.035,0.035,0.035,000,0.70
2012-10-01,0.035,0.035,0.035,0.035,000,0.70
2012-09-28,0.035,0.035,0.035,0.035,000,0.70
2012-09-27,0.035,0.035,0.035,0.035,000,0.70
2012-09-26,0.035,0.035,0.035,0.035,000,0.70
2012-09-25,0.035,0.035,0.035,0.035,000,0.70
2012-09-24,0.035,0.035,0.035,0.035,000,0.70
2012-09-21,0.035,0.035,0.035,0.035,000,0.70
2012-09-20,0.035,0.035,0.035,0.035,000,0.70
2012-09-19,0.035,0.035,0.035,0.035,000,0.70
2012-09-18,0.035,0.035,0.035,0.035,000,0.70
2012-09-17,0.035,0.035,0.035,0.035,000,0.70
2012-09-14,0.035,0.035,0.035,0.035,000,0.70
2012-09-13,0.035,0.035,0.035,0.035,000,0.70
2012-09-12,0.035,0.035,0.035,0.035,000,0.70
2012-09-11,0.035,0.035,0.035,0.035,000,0.70
2012-09-10,0.035,0.035,0.035,0.035,000,0.70
2012-09-07,0.035,0.035,0.035,0.035,000,0.70
2012-09-06,0.035,0.035,0.035,0.035,000,0.70
2012-09-05,0.035,0.035,0.035,0.035,000,0.70
2012-09-04,0.035,0.035,0.035,0.035,000,0.70
2012-09-03,0.035,0.035,0.035,0.035,000,0.70
2012-08-31,0.035,0.035,0.035,0.035,000,0.70
2012-08-30,0.035,0.035,0.035,0.035,000,0.70
2012-08-29,0.035,0.035,0.035,0.035,000,0.70
2012-08-28,0.035,0.035,0.035,0.035,000,0.70
2012-08-27,0.035,0.035,0.035,0.035,000,0.70
2012-08-24,0.035,0.035,0.035,0.035,000,0.70
2012-08-23,0.035,0.035,0.035,0.035,000,0.70
2012-08-22,0.035,0.035,0.035,0.035,000,0.70
2012-08-21,0.035,0.035,0.035,0.035,000,0.70
2012-08-20,0.035,0.035,0.035,0.035,000,0.70
2012-08-17,0.035,0.035,0.035,0.035,000,0.70
2012-08-16,0.035,0.035,0.035,0.035,000,0.70
2012-08-15,0.035,0.035,0.035,0.035,000,0.70
2012-08-14,0.035,0.035,0.035,0.035,000,0.70
2012-08-13,0.035,0.035,0.035,0.035,000,0.70
2012-08-10,0.035,0.035,0.035,0.035,000,0.70
2012-08-09,0.035,0.035,0.035,0.035,000,0.70
2012-08-08,0.035,0.035,0.035,0.035,000,0.70
2012-08-07,0.035,0.035,0.035,0.035,000,0.70
2012-08-06,0.035,0.035,0.035,0.035,000,0.70
2012-08-03,0.035,0.035,0.035,0.035,000,0.70
2012-08-02,0.035,0.035,0.035,0.035,000,0.70
2012-08-01,0.035,0.035,0.035,0.035,000,0.70
2012-07-31,0.035,0.035,0.035,0.035,000,0.70
2012-07-30,0.035,0.035,0.035,0.035,000,0.70
2012-07-27,0.035,0.035,0.035,0.035,000,0.70
2012-07-26,0.035,0.035,0.035,0.035,000,0.70
2012-07-25,0.035,0.035,0.035,0.035,000,0.70
2012-07-24,0.035,0.035,0.035,0.035,000,0.70
2012-07-23,0.035,0.035,0.035,0.035,000,0.70
2012-07-20,0.035,0.035,0.035,0.035,000,0.70
2012-07-19,0.035,0.035,0.035,0.035,000,0.70
2012-07-18,0.035,0.035,0.035,0.035,000,0.70
2012-07-17,0.035,0.035,0.035,0.035,000,0.70
2012-07-16,0.035,0.035,0.035,0.035,000,0.70
2012-07-13,0.035,0.035,0.035,0.035,000,0.70
2012-07-12,0.035,0.035,0.035,0.035,000,0.70
2012-07-11,0.035,0.035,0.035,0.035,000,0.70
2012-07-10,0.035,0.035,0.035,0.035,000,0.70
2012-07-09,0.035,0.035,0.035,0.035,000,0.70
2012-07-06,0.035,0.035,0.035,0.035,000,0.70
2012-07-05,0.035,0.035,0.035,0.035,000,0.70
2012-07-04,0.035,0.035,0.035,0.035,000,0.70
2012-07-03,0.035,0.035,0.035,0.035,000,0.70
2012-07-02,0.035,0.035,0.035,0.035,000,0.70
2012-06-29,0.035,0.035,0.035,0.035,000,0.70
2012-06-28,0.03,0.035,0.03,0.035,700,0.70
2012-06-27,0.035,0.035,0.035,0.035,000,0.70
2012-06-26,0.035,0.035,0.035,0.035,000,0.70
2012-06-25,0.035,0.035,0.035,0.035,000,0.70
2012-06-22,0.035,0.035,0.035,0.035,000,0.70
2012-06-21,0.035,0.035,0.035,0.035,000,0.70
2012-06-20,0.035,0.035,0.035,0.035,000,0.70
2012-06-19,0.035,0.035,0.035,0.035,000,0.70
2012-06-18,0.035,0.035,0.035,0.035,000,0.70
2012-06-15,0.035,0.035,0.035,0.035,000,0.70
2012-06-14,0.035,0.035,0.035,0.035,000,0.70
2012-06-13,0.035,0.035,0.035,0.035,000,0.70
2012-06-12,0.035,0.035,0.035,0.035,000,0.70
2012-06-11,0.035,0.035,0.035,0.035,000,0.70
2012-06-08,0.035,0.035,0.035,0.035,000,0.70
2012-06-07,0.035,0.035,0.035,0.035,000,0.70
2012-06-06,0.035,0.035,0.035,0.035,000,0.70
2012-06-05,0.035,0.035,0.035,0.035,000,0.70
2012-06-04,0.035,0.035,0.035,0.035,000,0.70
2012-06-01,0.035,0.035,0.035,0.035,000,0.70
2012-05-31,0.035,0.035,0.035,0.035,000,0.70
2012-05-30,0.035,0.035,0.035,0.035,000,0.70
2012-05-29,0.035,0.035,0.035,0.035,000,0.70
2012-05-28,0.035,0.035,0.035,0.035,000,0.70
2012-05-25,0.035,0.035,0.035,0.035,000,0.70
2012-05-24,0.035,0.035,0.035,0.035,000,0.70
2012-05-23,0.035,0.035,0.035,0.035,000,0.70
2012-05-22,0.035,0.035,0.035,0.035,000,0.70
2012-05-21,0.035,0.035,0.035,0.035,000,0.70
2012-05-18,0.035,0.035,0.035,0.035,000,0.70
2012-05-17,0.035,0.035,0.035,0.035,000,0.70
2012-05-16,0.035,0.035,0.035,0.035,000,0.70
2012-05-15,0.035,0.035,0.035,0.035,000,0.70
2012-05-14,0.035,0.035,0.035,0.035,000,0.70
2012-05-11,0.035,0.035,0.035,0.035,000,0.70
2012-05-10,0.035,0.035,0.035,0.035,000,0.70
2012-05-09,0.035,0.035,0.035,0.035,000,0.70
2012-05-08,0.035,0.035,0.035,0.035,000,0.70
2012-05-07,0.035,0.035,0.035,0.035,000,0.70
2012-05-04,0.035,0.035,0.035,0.035,000,0.70
2012-05-03,0.035,0.035,0.035,0.035,000,0.70
2012-05-02,0.035,0.035,0.035,0.035,000,0.70
2012-05-01,0.035,0.035,0.035,0.035,000,0.70
2012-04-30,0.035,0.035,0.035,0.035,000,0.70
2012-04-27,0.043,0.043,0.043,0.043,000,0.86
2012-04-26,0.043,0.043,0.043,0.043,000,0.86
2012-04-25,0.043,0.043,0.043,0.043,000,0.86
2012-04-24,0.043,0.043,0.043,0.043,000,0.86
2012-04-23,0.043,0.043,0.043,0.043,000,0.86
2012-04-20,0.043,0.043,0.043,0.043,000,0.86
2012-04-19,0.043,0.043,0.043,0.043,000,0.86
2012-04-18,0.043,0.043,0.043,0.043,000,0.86
2012-04-17,0.043,0.043,0.043,0.043,000,0.86
2012-04-16,0.043,0.043,0.043,0.043,000,0.86
2012-04-13,0.043,0.043,0.043,0.043,000,0.86
2012-04-12,0.043,0.043,0.043,0.043,000,0.86
2012-04-11,0.043,0.043,0.043,0.043,000,0.86
2012-04-10,0.043,0.043,0.043,0.043,000,0.86
2012-04-09,0.043,0.043,0.043,0.043,000,0.86
2012-04-06,0.043,0.043,0.043,0.043,000,0.86
2012-04-05,0.043,0.043,0.043,0.043,000,0.86
2012-04-04,0.043,0.043,0.043,0.043,000,0.86
2012-04-03,0.043,0.043,0.043,0.043,000,0.86
2012-04-02,0.043,0.043,0.043,0.043,000,0.86
2012-03-30,0.043,0.043,0.043,0.043,000,0.86
2012-03-29,0.043,0.043,0.043,0.043,000,0.86
2012-03-28,0.043,0.043,0.043,0.043,000,0.86
2012-03-27,0.043,0.043,0.043,0.043,000,0.86
2012-03-26,0.043,0.043,0.043,0.043,000,0.86
2012-03-23,0.043,0.043,0.043,0.043,000,0.86
2012-03-22,0.043,0.043,0.043,0.043,000,0.86
2012-03-21,0.043,0.043,0.043,0.043,000,0.86
2012-03-20,0.043,0.043,0.043,0.043,000,0.86
2012-03-19,0.043,0.043,0.043,0.043,000,0.86
2012-03-16,0.043,0.043,0.043,0.043,000,0.86
2012-03-15,0.043,0.043,0.043,0.043,000,0.86
2012-03-14,0.043,0.043,0.043,0.043,000,0.86
2012-03-13,0.043,0.043,0.043,0.043,000,0.86
2012-03-12,0.043,0.043,0.043,0.043,000,0.86
2012-03-09,0.043,0.043,0.043,0.043,000,0.86
2012-03-08,0.043,0.043,0.043,0.043,000,0.86
2012-03-07,0.043,0.043,0.043,0.043,000,0.86
2012-03-06,0.043,0.043,0.043,0.043,000,0.86
2012-03-05,0.043,0.043,0.043,0.043,000,0.86
2012-03-02,0.043,0.043,0.043,0.043,000,0.86
2012-03-01,0.043,0.043,0.043,0.043,000,0.86
2012-02-29,0.043,0.043,0.043,0.043,000,0.86
2012-02-28,0.043,0.043,0.043,0.043,000,0.86
2012-02-27,0.043,0.043,0.043,0.043,000,0.86
2012-02-24,0.043,0.043,0.043,0.043,000,0.86
2012-02-23,0.043,0.043,0.043,0.043,000,0.86
2012-02-22,0.043,0.043,0.043,0.043,000,0.86
2012-02-21,0.043,0.043,0.043,0.043,000,0.86
2012-02-20,0.043,0.043,0.043,0.043,000,0.86
2012-02-17,0.043,0.043,0.043,0.043,000,0.86
2012-02-16,0.043,0.043,0.043,0.043,000,0.86
2012-02-15,0.043,0.043,0.043,0.043,000,0.86
2012-02-14,0.043,0.043,0.043,0.043,000,0.86
2012-02-13,0.043,0.043,0.043,0.043,000,0.86
2012-02-10,0.043,0.043,0.043,0.043,000,0.86
2012-02-09,0.043,0.043,0.043,0.043,000,0.86
2012-02-08,0.043,0.043,0.043,0.043,000,0.86
2012-02-07,0.043,0.043,0.043,0.043,000,0.86
2012-02-06,0.043,0.043,0.043,0.043,000,0.86
2012-02-03,0.043,0.043,0.043,0.043,000,0.86
2012-02-02,0.043,0.043,0.043,0.043,000,0.86
2012-02-01,0.043,0.043,0.043,0.043,000,0.86
2012-01-31,0.043,0.043,0.043,0.043,000,0.86
2012-01-27,0.043,0.043,0.043,0.043,000,0.86
2012-01-26,0.043,0.043,0.043,0.043,000,0.86
2012-01-25,0.043,0.043,0.043,0.043,000,0.86
2012-01-24,0.043,0.043,0.043,0.043,000,0.86
2012-01-23,0.043,0.043,0.043,0.043,000,0.86
2012-01-20,0.043,0.043,0.043,0.043,000,0.86
2012-01-19,0.043,0.043,0.043,0.043,000,0.86
2012-01-18,0.043,0.043,0.043,0.043,000,0.86
2012-01-17,0.043,0.043,0.043,0.043,000,0.86
2012-01-16,0.043,0.043,0.043,0.043,000,0.86
2012-01-13,0.043,0.043,0.043,0.043,000,0.86
2012-01-12,0.043,0.043,0.043,0.043,000,0.86
2012-01-11,0.043,0.043,0.043,0.043,000,0.86
2012-01-10,0.043,0.043,0.043,0.043,000,0.86
2012-01-09,0.043,0.043,0.043,0.043,000,0.86
2012-01-06,0.043,0.043,0.043,0.043,000,0.86
2012-01-05,0.043,0.043,0.043,0.043,000,0.86
2012-01-04,0.043,0.043,0.043,0.043,000,0.86
2012-01-03,0.043,0.043,0.043,0.043,000,0.86
2012-01-02,0.043,0.043,0.043,0.043,000,0.86
2011-12-30,0.043,0.043,0.043,0.043,000,0.86
2011-12-29,0.043,0.043,0.043,0.043,000,0.86
2011-12-28,0.043,0.043,0.043,0.043,000,0.86
2011-12-27,0.043,0.043,0.043,0.043,000,0.86
2011-12-26,0.043,0.043,0.043,0.043,000,0.86
2011-12-23,0.043,0.043,0.043,0.043,000,0.86
2011-12-22,0.043,0.043,0.043,0.043,000,0.86
2011-12-21,0.043,0.043,0.043,0.043,000,0.86
2011-12-20,0.043,0.043,0.043,0.043,000,0.86
2011-12-19,0.043,0.043,0.043,0.043,000,0.86
2011-12-16,0.043,0.043,0.043,0.043,000,0.86
2011-12-15,0.043,0.043,0.043,0.043,000,0.86
2011-12-14,0.043,0.043,0.043,0.043,000,0.86
2011-12-13,0.043,0.043,0.043,0.043,000,0.86
2011-12-12,0.043,0.043,0.043,0.043,000,0.86
2011-12-09,0.043,0.043,0.043,0.043,000,0.86
2011-12-08,0.043,0.043,0.043,0.043,000,0.86
2011-12-07,0.043,0.043,0.043,0.043,000,0.86
2011-12-06,0.043,0.043,0.043,0.043,000,0.86
2011-12-05,0.043,0.043,0.043,0.043,000,0.86
2011-12-02,0.043,0.043,0.043,0.043,000,0.86
2011-12-01,0.043,0.043,0.043,0.043,000,0.86
2011-11-30,0.043,0.043,0.043,0.043,000,0.86
2011-11-29,0.043,0.043,0.043,0.043,000,0.86
2011-11-28,0.043,0.043,0.043,0.043,000,0.86
2011-11-25,0.043,0.043,0.043,0.043,000,0.86
2011-11-24,0.043,0.043,0.043,0.043,000,0.86
2011-11-23,0.043,0.043,0.043,0.043,000,0.86
2011-11-22,0.043,0.043,0.043,0.043,000,0.86
2011-11-21,0.043,0.043,0.043,0.043,000,0.86
2011-11-18,0.043,0.043,0.043,0.043,000,0.86
2011-11-17,0.043,0.043,0.043,0.043,000,0.86
2011-10-06,0.043,0.043,0.043,0.043,400,0.86
2011-09-21,0.025,0.025,0.025,0.025,900,0.50
2011-09-20,0.025,0.025,0.025,0.025,2500,0.50
2011-09-08,0.035,0.035,0.035,0.035,2500,0.70
2011-09-02,0.035,0.035,0.035,0.035,700,0.70
2011-08-12,0.033,0.033,0.033,0.033,5700,0.66
2011-08-11,0.02,0.021,0.02,0.021,9100,0.42
2011-08-01,0.038,0.038,0.038,0.038,700,0.76
2011-07-27,0.027,0.03,0.027,0.028,3100,0.56
2011-05-31,0.044,0.044,0.044,0.044,1600,0.88
2011-05-30,0.044,0.044,0.036,0.036,2500,0.72
2011-05-27,0.023,0.023,0.023,0.023,1400,0.46
2011-04-15,0.044,0.044,0.044,0.044,3500,0.88
2011-04-08,0.03,0.03,0.03,0.03,5000,0.60
2011-04-04,0.04,0.04,0.04,0.04,700,0.80
2011-03-07,0.04,0.04,0.04,0.04,500,0.80
2011-02-28,0.035,0.035,0.035,0.035,500,0.70
2011-01-19,0.035,0.035,0.035,0.035,1200,0.70
2010-11-10,0.05,0.05,0.05,0.05,000,1.00
2010-10-27,0.042,0.042,0.042,0.042,500,0.84
2010-10-14,0.046,0.046,0.045,0.045,1200,0.90
2010-09-28,0.049,0.049,0.049,0.049,500,0.98
2010-09-27,0.05,0.05,0.05,0.05,400,1.00
2010-09-16,0.046,0.046,0.046,0.046,1000,0.92
2010-09-06,0.045,0.045,0.045,0.045,2500,0.90
2010-08-31,0.046,0.046,0.046,0.046,1100,0.92
2010-08-25,0.046,0.046,0.046,0.046,200,0.92
2010-06-30,0.044,0.044,0.044,0.044,5300,0.88
2010-06-28,0.042,0.042,0.042,0.042,1000,0.84
2010-06-25,0.15,0.15,0.04,0.04,000,0.80
2010-06-24,0.044,0.044,0.04,0.04,4500,0.80
2010-06-23,0.041,0.041,0.041,0.041,700,0.82
2010-06-22,0.15,0.15,0.041,0.041,000,0.82
2010-06-21,0.065,0.065,0.041,0.041,000,0.82
2010-06-18,0.065,0.065,0.041,0.041,000,0.82
2010-06-17,0.041,0.041,0.041,0.041,2700,0.82
2010-06-16,0.065,0.065,0.04,0.04,000,0.80
2010-06-15,0.065,0.065,0.04,0.04,000,0.80
2010-06-11,0.065,0.065,0.04,0.04,000,0.80
2010-06-10,0.11,0.11,0.04,0.04,000,0.80
2010-06-09,0.04,0.04,0.04,0.04,1400,0.80
2010-06-08,0.04,0.04,0.04,0.04,600,0.80
2010-06-07,0.11,0.11,0.04,0.04,000,0.80
2010-06-04,0.04,0.04,0.04,0.04,100,0.80
2010-06-03,0.04,0.04,0.04,0.04,3500,0.80
2010-06-02,0.11,0.11,0.04,0.04,000,0.80
2010-06-01,0.11,0.11,0.035,0.035,000,0.70
2010-05-31,0.11,0.11,0.035,0.035,000,0.70
2010-05-28,0.11,0.11,0.035,0.035,000,0.70
2010-05-27,0.11,0.11,0.04,0.04,000,0.80
2010-05-26,0.11,0.11,0.04,0.04,000,0.80
2010-05-25,0.11,0.11,0.04,0.04,000,0.80
2010-05-24,0.043,0.043,0.043,0.043,1100,0.86
2010-05-21,0.11,0.11,0.043,0.043,000,0.86
2010-05-20,0.11,0.11,0.043,0.043,000,0.86
2010-05-19,0.11,0.11,0.043,0.043,000,0.86
2010-05-18,0.11,0.11,0.043,0.043,000,0.86
2010-05-17,0.11,0.11,0.043,0.043,000,0.86
2010-05-14,0.33,0.33,0.041,0.041,000,0.82
2010-05-13,0.041,0.041,0.041,0.041,000,0.82
2010-05-12,0.041,0.041,0.041,0.041,000,0.82
2010-05-11,0.06,0.06,0.041,0.041,000,0.82
2010-05-10,0.041,0.041,0.041,0.041,000,0.82
2010-05-07,0.04,0.04,0.04,0.04,2900,0.80
2010-05-06,0.04,0.04,0.04,0.04,1000,0.80
2010-05-05,0.04,0.04,0.038,0.038,000,0.76
2010-04-30,0.045,0.045,0.037,0.037,000,0.74
2010-04-29,0.045,0.045,0.037,0.037,000,0.74
2010-04-28,0.045,0.045,0.037,0.037,000,0.74
2010-04-27,0.045,0.045,0.037,0.037,000,0.74
2010-04-23,0.045,0.045,0.037,0.037,000,0.74
2010-04-22,0.045,0.045,0.036,0.036,000,0.72
2010-04-21,0.045,0.045,0.035,0.035,000,0.70
2010-04-20,0.045,0.045,0.035,0.035,000,0.70
2010-04-19,0.045,0.045,0.035,0.035,000,0.70
2010-04-16,0.045,0.045,0.035,0.035,000,0.70
2010-04-15,0.045,0.045,0.035,0.035,000,0.70
2010-04-14,0.042,0.042,0.035,0.035,000,0.70
2010-04-13,0.042,0.042,0.035,0.035,000,0.70
2010-04-12,0.035,0.035,0.035,0.035,2000,0.70
2010-04-09,0.042,0.042,0.035,0.035,000,0.70
2010-04-08,0.042,0.042,0.035,0.035,000,0.70
2010-04-07,0.042,0.042,0.035,0.035,000,0.70
2010-04-06,0.045,0.045,0.03,0.03,000,0.60
2010-04-01,0.045,0.045,0.03,0.03,000,0.60
2010-03-31,0.03,0.03,0.03,0.03,000,0.60
2010-03-30,0.03,0.03,0.03,0.03,000,0.60
2010-03-29,0.03,0.03,0.03,0.03,000,0.60
2010-03-26,0.03,0.03,0.03,0.03,000,0.60
2010-03-25,0.04,0.04,0.04,0.04,000,0.80
2010-03-24,0.041,0.041,0.041,0.041,000,0.82
2010-03-23,0.041,0.041,0.041,0.041,000,0.82
2010-03-22,0.041,0.041,0.041,0.041,000,0.82
2010-03-19,0.045,0.045,0.045,0.045,000,0.90
2010-03-18,0.045,0.045,0.045,0.045,000,0.90
2010-03-17,0.045,0.045,0.045,0.045,000,0.90
2010-03-16,0.045,0.045,0.045,0.045,000,0.90
2010-03-15,0.045,0.045,0.045,0.045,000,0.90
2010-03-12,0.045,0.045,0.045,0.045,000,0.90
2010-03-11,0.045,0.045,0.045,0.045,000,0.90
2010-03-10,0.045,0.045,0.045,0.045,000,0.90
2010-03-09,0.045,0.045,0.03,0.03,000,0.60
2010-03-08,0.045,0.045,0.03,0.03,000,0.60
2010-03-05,0.045,0.045,0.03,0.03,000,0.60
2010-03-04,0.045,0.045,0.03,0.03,000,0.60
2010-03-03,0.045,0.045,0.03,0.03,000,0.60
2010-03-02,0.045,0.045,0.03,0.03,000,0.60
2010-03-01,0.045,0.045,0.03,0.03,000,0.60
2010-02-26,0.045,0.045,0.03,0.03,000,0.60
2010-02-25,0.045,0.045,0.03,0.03,000,0.60
2010-02-24,0.045,0.045,0.03,0.03,000,0.60
2010-02-23,0.045,0.045,0.03,0.03,000,0.60
2010-02-22,0.045,0.045,0.03,0.03,000,0.60
2010-02-19,0.05,0.05,0.03,0.03,000,0.60
2010-02-18,0.05,0.05,0.03,0.03,000,0.60
2010-02-17,0.05,0.05,0.03,0.03,000,0.60
2010-02-16,0.05,0.05,0.03,0.03,000,0.60
2010-02-15,0.055,0.055,0.03,0.03,000,0.60
2010-02-12,0.055,0.055,0.03,0.03,000,0.60
2010-02-11,0.055,0.055,0.03,0.03,000,0.60
2010-02-10,0.055,0.055,0.03,0.03,000,0.60
2010-02-09,0.055,0.055,0.025,0.025,000,0.50
2010-02-08,0.055,0.055,0.035,0.035,000,0.70
2010-02-05,0.055,0.055,0.04,0.04,000,0.80
2010-02-04,0.055,0.055,0.04,0.04,000,0.80
2010-02-03,0.055,0.055,0.04,0.04,000,0.80
2010-02-01,0.055,0.055,0.04,0.04,000,0.80
2010-01-29,0.055,0.055,0.04,0.04,000,0.80
2010-01-28,0.055,0.055,0.041,0.041,000,0.82
2010-01-27,0.055,0.055,0.041,0.041,000,0.82
2010-01-25,0.055,0.055,0.041,0.041,000,0.82
2010-01-22,0.045,0.045,0.045,0.045,2000,0.90
2010-01-21,0.05,0.05,0.041,0.041,000,0.82
2010-01-20,0.055,0.055,0.041,0.041,000,0.82
2010-01-19,0.055,0.055,0.04,0.04,000,0.80
2010-01-18,0.065,0.065,0.045,0.045,000,0.90
2010-01-15,0.05,0.05,0.05,0.05,2500,1.00
2010-01-14,0.08,0.08,0.05,0.05,000,1.00
2010-01-12,0.05,0.05,0.043,0.043,000,0.86
2010-01-11,0.05,0.05,0.04,0.04,000,0.80
2010-01-08,0.05,0.05,0.04,0.04,000,0.80
2010-01-07,0.04,0.04,0.04,0.04,800,0.80
2010-01-06,0.05,0.05,0.04,0.04,000,0.80
2010-01-05,0.05,0.05,0.04,0.04,000,0.80
2010-01-04,0.05,0.05,0.04,0.04,000,0.80
2009-12-31,0.05,0.05,0.04,0.04,000,0.80
2009-12-30,0.05,0.05,0.04,0.04,000,0.80
2009-12-24,0.05,0.05,0.04,0.04,000,0.80
2009-12-23,0.05,0.05,0.04,0.04,000,0.80
2009-12-22,0.05,0.05,0.04,0.04,000,0.80
2009-12-21,0.05,0.05,0.04,0.04,000,0.80
2009-12-17,0.055,0.055,0.045,0.045,000,0.90
2009-12-16,0.055,0.055,0.045,0.045,000,0.90
2009-12-15,0.05,0.05,0.04,0.04,7500,0.80
2009-12-14,0.05,0.05,0.041,0.041,000,0.82
2009-12-11,0.05,0.05,0.041,0.041,000,0.82
2009-12-10,0.05,0.05,0.05,0.05,2500,1.00
2009-12-09,0.05,0.05,0.05,0.05,3500,1.00
2009-12-08,0.055,0.055,0.05,0.05,000,1.00
2009-12-07,0.055,0.055,0.05,0.05,000,1.00
2009-12-04,0.055,0.055,0.05,0.05,000,1.00
2009-12-02,0.055,0.055,0.055,0.055,1500,1.10
2009-12-01,0.069,0.069,0.055,0.055,000,1.10
2009-11-30,0.055,0.055,0.055,0.055,200,1.10
2009-11-27,0.055,0.055,0.055,0.055,300,1.10
2009-11-26,0.055,0.08,0.055,0.07,2800,1.40
2009-11-25,0.06,0.06,0.04,0.04,000,0.80
2009-11-24,0.10,0.10,0.04,0.04,000,0.80
2009-11-23,0.10,0.10,0.04,0.04,000,0.80
2009-11-20,0.10,0.10,0.04,0.04,000,0.80
2009-11-19,0.10,0.10,0.04,0.04,000,0.80
2009-11-18,0.10,0.10,0.04,0.04,000,0.80
2009-11-17,0.10,0.10,0.04,0.04,000,0.80
2009-11-16,0.10,0.10,0.035,0.035,000,0.70
2009-11-13,0.04,0.04,0.04,0.04,2500,0.80
2009-11-05,0.05,0.05,0.05,0.05,000,1.00
2009-11-04,0.05,0.05,0.05,0.05,000,1.00
2009-11-03,0.05,0.05,0.05,0.05,000,1.00
2009-11-02,0.05,0.05,0.05,0.05,000,1.00
2009-10-30,0.05,0.05,0.05,0.05,000,1.00
2009-10-29,0.05,0.05,0.05,0.05,000,1.00
2009-10-28,0.05,0.05,0.05,0.05,000,1.00
2009-10-27,0.05,0.05,0.05,0.05,000,1.00
2009-10-26,0.05,0.05,0.05,0.05,000,1.00
2009-10-23,0.05,0.05,0.05,0.05,000,1.00
2009-10-22,0.05,0.05,0.05,0.05,000,1.00
2009-10-21,0.05,0.05,0.05,0.05,000,1.00
2009-10-20,0.05,0.05,0.05,0.05,000,1.00
2009-10-19,0.05,0.05,0.05,0.05,000,1.00
2009-10-16,0.05,0.05,0.05,0.05,000,1.00
2009-10-15,0.05,0.05,0.05,0.05,000,1.00
2009-10-14,0.05,0.05,0.05,0.05,000,1.00
2009-10-13,0.05,0.05,0.05,0.05,000,1.00
2009-10-12,0.05,0.05,0.05,0.05,000,1.00
2009-10-09,0.05,0.05,0.05,0.05,000,1.00
2009-10-08,0.05,0.05,0.05,0.05,000,1.00
2009-10-07,0.05,0.05,0.05,0.05,000,1.00
2009-10-06,0.05,0.05,0.05,0.05,000,1.00
2009-10-05,0.05,0.05,0.05,0.05,000,1.00
2009-10-02,0.05,0.05,0.05,0.05,000,1.00
2009-10-01,0.05,0.05,0.05,0.05,000,1.00
2009-09-30,0.05,0.05,0.05,0.05,000,1.00
2009-09-29,0.05,0.05,0.05,0.05,000,1.00
2009-09-28,0.05,0.05,0.05,0.05,000,1.00
2009-09-25,0.05,0.05,0.05,0.05,000,1.00
2009-09-24,0.05,0.05,0.05,0.05,000,1.00
2009-09-23,0.05,0.05,0.05,0.05,000,1.00
2009-09-22,0.05,0.05,0.05,0.05,000,1.00
2009-09-21,0.05,0.05,0.05,0.05,000,1.00
2009-09-18,0.05,0.05,0.05,0.05,000,1.00
2009-09-17,0.05,0.05,0.05,0.05,000,1.00
2009-09-16,0.05,0.05,0.05,0.05,000,1.00
2009-09-15,0.05,0.05,0.05,0.05,000,1.00
2009-09-14,0.05,0.05,0.05,0.05,000,1.00
2009-09-11,0.05,0.05,0.05,0.05,000,1.00
2009-09-10,0.05,0.05,0.05,0.05,000,1.00
2009-09-09,0.05,0.05,0.05,0.05,000,1.00
2009-09-08,0.05,0.05,0.05,0.05,000,1.00
2009-09-07,0.05,0.05,0.05,0.05,000,1.00
2009-09-04,0.05,0.05,0.05,0.05,000,1.00
2009-09-03,0.05,0.05,0.05,0.05,000,1.00
2009-09-02,0.05,0.05,0.05,0.05,000,1.00
2009-09-01,0.05,0.05,0.05,0.05,000,1.00
2009-08-31,0.05,0.05,0.05,0.05,000,1.00
2009-08-28,0.05,0.05,0.05,0.05,000,1.00
2009-08-27,0.05,0.05,0.05,0.05,000,1.00
2009-08-26,0.05,0.05,0.05,0.05,000,1.00
2009-08-25,0.05,0.05,0.05,0.05,000,1.00
2009-08-24,0.05,0.05,0.05,0.05,000,1.00
2009-08-21,0.05,0.05,0.05,0.05,000,1.00
2009-08-20,0.05,0.05,0.05,0.05,000,1.00
2009-08-19,0.05,0.05,0.05,0.05,000,1.00
2009-08-18,0.05,0.05,0.05,0.05,000,1.00
2009-08-17,0.05,0.05,0.05,0.05,000,1.00
2009-08-14,0.05,0.05,0.05,0.05,000,1.00
2009-08-13,0.05,0.05,0.05,0.05,000,1.00
2009-08-12,0.05,0.05,0.05,0.05,000,1.00
2009-08-11,0.05,0.05,0.05,0.05,000,1.00
2009-08-10,0.05,0.05,0.05,0.05,000,1.00
2009-08-07,0.05,0.05,0.05,0.05,000,1.00
2009-08-06,0.05,0.05,0.05,0.05,000,1.00
2009-08-05,0.05,0.05,0.05,0.05,000,1.00
2009-08-04,0.05,0.05,0.05,0.05,000,1.00
2009-08-03,0.05,0.05,0.05,0.05,1000,1.00
2009-07-31,0.05,0.05,0.05,0.05,000,1.00
2009-07-30,0.05,0.05,0.05,0.05,000,1.00
2009-07-29,0.05,0.05,0.05,0.05,000,1.00
2009-07-28,0.05,0.05,0.05,0.05,000,1.00
2009-07-27,0.05,0.05,0.05,0.05,000,1.00
2009-07-24,0.05,0.05,0.05,0.05,000,1.00
2009-07-23,0.05,0.05,0.05,0.05,000,1.00
2009-07-22,0.05,0.05,0.05,0.05,000,1.00
2009-07-21,0.05,0.05,0.05,0.05,000,1.00
2009-07-20,0.05,0.05,0.05,0.05,000,1.00
2009-07-17,0.05,0.05,0.05,0.05,000,1.00
2009-07-16,0.05,0.05,0.05,0.05,000,1.00
2009-07-15,0.05,0.05,0.05,0.05,3500,1.00
2009-07-14,0.05,0.05,0.05,0.05,000,1.00
2009-07-13,0.05,0.05,0.05,0.05,000,1.00
2009-07-10,0.05,0.05,0.05,0.05,000,1.00
2009-07-09,0.05,0.05,0.05,0.05,000,1.00
2009-07-08,0.05,0.05,0.05,0.05,000,1.00
2009-07-07,0.05,0.05,0.05,0.05,000,1.00
2009-07-06,0.05,0.05,0.05,0.05,000,1.00
2009-07-03,0.05,0.05,0.05,0.05,000,1.00
2009-07-02,0.05,0.05,0.05,0.05,000,1.00
2009-07-01,0.05,0.05,0.05,0.05,000,1.00
2009-06-30,0.05,0.05,0.05,0.05,000,1.00
2009-06-29,0.05,0.05,0.05,0.05,000,1.00
2009-06-26,0.05,0.05,0.05,0.05,000,1.00
2009-06-25,0.05,0.05,0.05,0.05,000,1.00
2009-06-24,0.05,0.05,0.05,0.05,200,1.00
2009-06-23,0.041,0.041,0.04,0.04,5000,0.80
2009-06-22,0.05,0.05,0.041,0.041,000,0.82
2009-06-19,0.05,0.05,0.04,0.04,000,0.80
2009-06-18,0.05,0.05,0.04,0.04,000,0.80
2009-06-17,0.05,0.05,0.04,0.04,000,0.80
2009-06-16,0.05,0.05,0.04,0.04,000,0.80
2009-06-15,0.05,0.05,0.04,0.04,000,0.80
2009-06-12,0.05,0.05,0.04,0.04,000,0.80
2009-06-11,0.05,0.05,0.04,0.04,000,0.80
2009-06-10,0.04,0.04,0.04,0.04,100,0.80
2009-06-09,0.05,0.05,0.04,0.04,000,0.80
2009-06-05,0.05,0.05,0.04,0.04,000,0.80
2009-06-04,0.04,0.04,0.04,0.04,000,0.80
2009-06-03,0.038,0.04,0.038,0.04,3500,0.80
2009-06-02,0.031,0.031,0.031,0.031,3500,0.62
2009-06-01,0.05,0.05,0.031,0.031,000,0.62
2009-05-29,0.05,0.05,0.03,0.03,000,0.60
2009-05-28,0.05,0.05,0.03,0.03,000,0.60
2009-05-27,0.05,0.05,0.03,0.03,000,0.60
2009-05-26,0.05,0.05,0.03,0.03,000,0.60
2009-05-25,0.03,0.03,0.03,0.03,000,0.60
2009-05-22,0.03,0.03,0.03,0.03,000,0.60
2009-05-21,0.03,0.03,0.03,0.03,000,0.60
2009-05-20,0.05,0.05,0.031,0.031,000,0.62
2009-05-19,0.05,0.05,0.031,0.031,000,0.62
2009-05-18,0.05,0.05,0.03,0.03,000,0.60
2009-05-15,0.05,0.05,0.03,0.03,000,0.60
2009-05-14,0.03,0.03,0.03,0.03,000,0.60
2009-05-13,0.03,0.03,0.03,0.03,000,0.60
2009-05-12,0.03,0.03,0.03,0.03,000,0.60
2009-05-11,0.03,0.03,0.03,0.03,200,0.60
2009-05-08,0.03,0.03,0.03,0.03,000,0.60
2009-05-07,0.03,0.03,0.03,0.03,000,0.60
2009-05-06,0.03,0.03,0.03,0.03,000,0.60
2009-05-05,0.03,0.03,0.03,0.03,000,0.60
2009-05-04,0.03,0.03,0.03,0.03,000,0.60
2009-05-01,0.03,0.03,0.03,0.03,000,0.60
2009-04-30,0.03,0.03,0.03,0.03,000,0.60
2009-04-29,0.03,0.03,0.03,0.03,000,0.60
2009-04-28,0.03,0.03,0.03,0.03,000,0.60
2009-04-27,0.03,0.03,0.03,0.03,000,0.60
2009-04-24,0.03,0.03,0.03,0.03,000,0.60
2009-04-23,0.05,0.05,0.03,0.03,000,0.60
2009-04-22,0.03,0.03,0.03,0.03,000,0.60
2009-04-21,0.03,0.03,0.03,0.03,000,0.60
2009-04-20,0.03,0.03,0.03,0.03,000,0.60
2009-04-17,0.03,0.03,0.03,0.03,000,0.60
2009-04-16,0.03,0.03,0.03,0.03,000,0.60
2009-04-15,0.03,0.03,0.03,0.03,000,0.60
2009-04-14,0.03,0.03,0.03,0.03,000,0.60
2009-04-09,0.03,0.03,0.03,0.03,000,0.60
2009-04-08,0.03,0.03,0.03,0.03,700,0.60
2009-04-07,0.03,0.03,0.03,0.03,000,0.60
2009-04-06,0.03,0.03,0.03,0.03,000,0.60
2009-04-03,0.03,0.03,0.03,0.03,000,0.60
2009-04-02,0.03,0.03,0.03,0.03,000,0.60
2009-04-01,0.03,0.03,0.03,0.03,000,0.60
2009-03-31,0.03,0.03,0.03,0.03,000,0.60
2009-03-30,0.03,0.03,0.03,0.03,000,0.60
2009-03-27,0.03,0.03,0.03,0.03,000,0.60
2009-03-26,0.03,0.03,0.03,0.03,000,0.60
2009-03-25,0.03,0.03,0.03,0.03,000,0.60
2009-03-24,0.03,0.03,0.03,0.03,000,0.60
2009-03-23,0.03,0.03,0.03,0.03,000,0.60
2009-03-20,0.03,0.03,0.03,0.03,000,0.60
2009-03-19,0.03,0.03,0.03,0.03,000,0.60
2009-03-18,0.03,0.03,0.03,0.03,000,0.60
2009-03-17,0.03,0.03,0.03,0.03,000,0.60
2009-03-16,0.03,0.03,0.03,0.03,000,0.60
2009-03-13,0.03,0.03,0.03,0.03,000,0.60
2009-03-12,0.03,0.03,0.03,0.03,000,0.60
2009-03-11,0.03,0.03,0.03,0.03,000,0.60
2009-03-10,0.03,0.03,0.03,0.03,000,0.60
2009-03-09,0.03,0.03,0.03,0.03,000,0.60
2009-03-06,0.03,0.03,0.03,0.03,000,0.60
2009-03-05,0.03,0.03,0.03,0.03,000,0.60
2009-03-04,0.03,0.03,0.03,0.03,000,0.60
2009-03-03,0.03,0.03,0.03,0.03,000,0.60
2009-03-02,0.03,0.03,0.03,0.03,000,0.60
2009-02-27,0.03,0.03,0.03,0.03,000,0.60
2009-02-26,0.03,0.03,0.03,0.03,000,0.60
2009-02-25,0.03,0.03,0.03,0.03,000,0.60
2009-02-24,0.03,0.03,0.03,0.03,000,0.60
2009-02-23,0.03,0.03,0.03,0.03,000,0.60
2009-02-20,0.03,0.03,0.03,0.03,000,0.60
2009-02-19,0.03,0.03,0.03,0.03,000,0.60
2009-02-18,0.03,0.03,0.03,0.03,000,0.60
2009-02-17,0.03,0.03,0.03,0.03,000,0.60
2009-02-16,0.03,0.03,0.03,0.03,000,0.60
2009-02-13,0.03,0.03,0.03,0.03,000,0.60
2009-02-12,0.03,0.03,0.03,0.03,000,0.60
2009-02-11,0.03,0.03,0.03,0.03,000,0.60
2009-02-10,0.03,0.03,0.03,0.03,000,0.60
2009-02-09,0.03,0.03,0.03,0.03,000,0.60
2009-02-06,0.03,0.03,0.03,0.03,000,0.60
2009-02-05,0.03,0.03,0.03,0.03,3000,0.60
2009-02-04,0.03,0.03,0.03,0.03,000,0.60
2009-02-03,0.03,0.03,0.03,0.03,000,0.60
2009-02-02,0.03,0.03,0.03,0.03,000,0.60
2009-01-30,0.03,0.03,0.03,0.03,000,0.60
2009-01-29,0.03,0.03,0.03,0.03,000,0.60
2009-01-28,0.03,0.03,0.03,0.03,000,0.60
2009-01-27,0.03,0.03,0.03,0.03,000,0.60
2009-01-23,0.03,0.03,0.03,0.03,000,0.60
2009-01-22,0.03,0.03,0.03,0.03,000,0.60
2009-01-21,0.03,0.03,0.03,0.03,000,0.60
2009-01-20,0.03,0.03,0.03,0.03,000,0.60
2009-01-19,0.03,0.03,0.03,0.03,000,0.60
2009-01-16,0.03,0.03,0.03,0.03,000,0.60
2009-01-15,0.03,0.03,0.03,0.03,000,0.60
2009-01-14,0.03,0.03,0.03,0.03,000,0.60
2009-01-13,0.03,0.03,0.03,0.03,000,0.60
2009-01-12,0.03,0.03,0.03,0.03,000,0.60
2009-01-09,0.03,0.03,0.03,0.03,000,0.60
2009-01-08,0.03,0.03,0.03,0.03,000,0.60
2009-01-07,0.03,0.03,0.03,0.03,000,0.60
2009-01-06,0.03,0.03,0.03,0.03,000,0.60
2009-01-05,0.03,0.03,0.03,0.03,000,0.60
2009-01-02,0.03,0.03,0.03,0.03,000,0.60
2008-12-31,0.03,0.03,0.03,0.03,000,0.60
2008-12-30,0.03,0.03,0.03,0.03,000,0.60
2008-12-29,0.03,0.03,0.03,0.03,000,0.60
2008-12-24,0.03,0.03,0.03,0.03,000,0.60
2008-12-23,0.03,0.03,0.03,0.03,000,0.60
2008-12-22,0.03,0.03,0.03,0.03,000,0.60
2008-12-19,0.03,0.03,0.03,0.03,5500,0.60
2008-12-18,0.03,0.03,0.03,0.03,1000,0.60
2008-12-17,0.055,0.055,0.055,0.055,000,1.10
2008-12-16,0.055,0.055,0.055,0.055,000,1.10
2008-12-15,0.055,0.055,0.055,0.055,000,1.10
2008-12-12,0.055,0.055,0.055,0.055,000,1.10
2008-12-11,0.055,0.055,0.055,0.055,000,1.10
2008-12-10,0.055,0.055,0.055,0.055,000,1.10
2008-12-09,0.055,0.055,0.055,0.055,000,1.10
2008-12-08,0.055,0.055,0.055,0.055,000,1.10
2008-12-05,0.055,0.055,0.055,0.055,000,1.10
2008-12-04,0.055,0.055,0.055,0.055,000,1.10
2008-12-03,0.055,0.055,0.055,0.055,000,1.10
2008-12-02,0.055,0.055,0.055,0.055,000,1.10
2008-12-01,0.055,0.055,0.055,0.055,000,1.10
2008-11-28,0.055,0.055,0.055,0.055,000,1.10
2008-11-27,0.055,0.055,0.055,0.055,000,1.10
2008-11-26,0.055,0.055,0.055,0.055,000,1.10
2008-11-25,0.055,0.055,0.055,0.055,000,1.10
2008-11-24,0.055,0.055,0.055,0.055,000,1.10
2008-11-21,0.055,0.055,0.055,0.055,000,1.10
2008-11-20,0.055,0.055,0.055,0.055,000,1.10
2008-11-19,0.055,0.055,0.055,0.055,000,1.10
2008-11-18,0.055,0.055,0.055,0.055,000,1.10
2008-11-17,0.055,0.055,0.055,0.055,000,1.10
2008-11-14,0.055,0.055,0.055,0.055,000,1.10
2008-11-13,0.055,0.055,0.055,0.055,000,1.10
2008-11-12,0.055,0.055,0.055,0.055,000,1.10
2008-11-11,0.055,0.055,0.055,0.055,000,1.10
2008-11-10,0.055,0.055,0.055,0.055,000,1.10
2008-11-07,0.055,0.055,0.055,0.055,000,1.10
2008-11-06,0.055,0.055,0.055,0.055,000,1.10
2008-11-05,0.055,0.055,0.055,0.055,000,1.10
2008-11-04,0.055,0.055,0.055,0.055,000,1.10
2008-11-03,0.055,0.055,0.055,0.055,000,1.10
2008-10-31,0.055,0.055,0.055,0.055,000,1.10
2008-10-30,0.055,0.055,0.055,0.055,700,1.10
2008-10-29,0.055,0.055,0.055,0.055,000,1.10
2008-10-28,0.055,0.055,0.055,0.055,700,1.10
2008-10-27,0.06,0.06,0.06,0.06,000,1.20
2008-10-24,0.06,0.06,0.06,0.06,000,1.20
2008-10-23,0.06,0.06,0.06,0.06,000,1.20
2008-10-22,0.06,0.06,0.06,0.06,000,1.20
2008-10-21,0.06,0.06,0.06,0.06,000,1.20
2008-10-20,0.06,0.06,0.06,0.06,000,1.20
2008-10-17,0.06,0.06,0.06,0.06,000,1.20
2008-10-16,0.06,0.06,0.06,0.06,000,1.20
2008-10-15,0.06,0.06,0.06,0.06,000,1.20
2008-10-14,0.06,0.06,0.06,0.06,000,1.20
2008-10-13,0.09,0.09,0.06,0.06,000,1.20
2008-10-10,0.06,0.06,0.06,0.06,000,1.20
2008-10-09,0.06,0.06,0.06,0.06,1200,1.20
2008-10-08,0.08,0.08,0.08,0.08,500,1.60
2008-10-07,0.10,0.10,0.10,0.10,200,2.00
2008-10-06,0.11,0.11,0.11,0.11,000,2.20
2008-10-03,0.11,0.11,0.11,0.11,000,2.20
2008-10-02,0.11,0.11,0.11,0.11,000,2.20
2008-10-01,0.11,0.11,0.11,0.11,300,2.20
2008-09-30,0.11,0.11,0.11,0.11,000,2.20
2008-09-29,0.11,0.11,0.11,0.11,000,2.20
2008-09-26,0.11,0.11,0.11,0.11,000,2.20
2008-09-25,0.11,0.11,0.11,0.11,000,2.20
2008-09-24,0.11,0.11,0.11,0.11,000,2.20
2008-09-23,0.11,0.11,0.11,0.11,000,2.20
2008-09-22,0.11,0.11,0.11,0.11,000,2.20
2008-09-19,0.15,0.15,0.11,0.11,000,2.20
2008-09-18,0.15,0.15,0.11,0.11,000,2.20
2008-09-17,0.115,0.115,0.11,0.11,400,2.20
2008-09-16,0.15,0.15,0.115,0.115,000,2.30
2008-09-15,0.15,0.15,0.115,0.115,000,2.30
2008-09-12,0.15,0.15,0.115,0.115,000,2.30
2008-09-11,0.15,0.15,0.115,0.115,000,2.30
2008-09-10,0.15,0.15,0.115,0.115,000,2.30
2008-09-09,0.115,0.115,0.115,0.115,000,2.30
2008-09-08,0.115,0.115,0.115,0.115,000,2.30
2008-09-05,0.15,0.15,0.115,0.115,000,2.30
2008-09-04,0.15,0.15,0.115,0.115,000,2.30
2008-09-03,0.15,0.15,0.115,0.115,000,2.30
2008-09-02,0.15,0.15,0.115,0.115,000,2.30
2008-09-01,0.15,0.15,0.115,0.115,000,2.30
2008-08-29,0.15,0.15,0.12,0.12,000,2.40
2008-08-28,0.115,0.115,0.115,0.115,200,2.30
2008-08-27,0.091,0.091,0.091,0.091,000,1.82
2008-08-26,0.091,0.091,0.091,0.091,000,1.82
2008-08-25,0.091,0.091,0.091,0.091,000,1.82
2008-08-22,0.091,0.091,0.091,0.091,000,1.82
2008-08-21,0.091,0.091,0.091,0.091,000,1.82
2008-08-20,0.091,0.091,0.091,0.091,200,1.82
2008-08-19,0.15,0.15,0.15,0.15,000,3.00
2008-08-18,0.15,0.15,0.15,0.15,000,3.00
2008-08-15,0.15,0.15,0.15,0.15,000,3.00
2008-08-14,0.15,0.15,0.15,0.15,000,3.00
2008-08-13,0.15,0.15,0.15,0.15,100,3.00
2008-08-12,0.155,0.155,0.155,0.155,1000,3.10
2008-08-11,0.165,0.165,0.165,0.165,000,3.30
2008-08-08,0.18,0.18,0.16,0.16,000,3.20
2008-08-07,0.165,0.165,0.165,0.165,600,3.30
2008-08-06,0.155,0.155,0.155,0.155,000,3.10
2008-08-05,0.165,0.165,0.155,0.155,3100,3.10
2008-08-04,0.18,0.18,0.165,0.17,900,3.40
2008-08-01,0.185,0.185,0.18,0.18,5200,3.60
2008-07-31,0.185,0.185,0.185,0.185,000,3.70
2008-07-30,0.185,0.185,0.18,0.185,2200,3.70
2008-07-29,0.185,0.185,0.185,0.185,300,3.70
2008-07-28,0.19,0.19,0.185,0.185,4200,3.70
2008-07-25,0.20,0.20,0.185,0.185,2800,3.70
2008-07-24,0.195,0.20,0.195,0.195,900,3.90
2008-07-23,0.19,0.19,0.19,0.19,1500,3.80
2008-07-22,0.20,0.20,0.19,0.19,1000,3.80
2008-07-21,0.21,0.21,0.21,0.21,000,4.20
2008-07-18,0.20,0.21,0.20,0.21,900,4.20
2008-07-17,0.19,0.19,0.19,0.19,600,3.80
2008-07-16,0.21,0.21,0.21,0.21,200,4.20
2008-07-15,0.205,0.21,0.19,0.21,8500,4.20
2008-07-14,0.215,0.215,0.21,0.21,2700,4.20
2008-07-11,0.25,0.25,0.23,0.23,1800,4.60
2008-07-10,0.235,0.245,0.23,0.23,3300,4.60
2008-07-09,0.245,0.245,0.245,0.245,100,4.90
2008-07-08,0.24,0.245,0.24,0.245,2800,4.90
2008-07-07,0.24,0.25,0.23,0.245,1800,4.90
2008-07-04,0.23,0.25,0.22,0.225,9500,4.50
2008-07-03,0.23,0.23,0.225,0.225,6200,4.50
2008-07-02,0.255,0.255,0.24,0.24,2700,4.80
2008-07-01,0.25,0.26,0.25,0.26,2100,5.20
2008-06-30,0.23,0.25,0.23,0.23,6500,4.60
2008-06-27,0.235,0.24,0.22,0.24,11300,4.80
2008-06-26,0.235,0.24,0.23,0.24,2500,4.80
2008-06-25,0.24,0.24,0.235,0.235,5500,4.70
2008-06-24,0.24,0.24,0.23,0.23,000,4.60
2008-06-23,0.24,0.24,0.24,0.24,400,4.80
2008-06-20,0.26,0.26,0.255,0.255,13200,5.10
2008-06-19,0.28,0.28,0.26,0.26,14000,5.20
2008-06-18,0.26,0.26,0.26,0.26,900,5.20
2008-06-17,0.29,0.29,0.28,0.28,18400,5.60
2008-06-16,0.27,0.30,0.27,0.295,34500,5.90
2008-06-13,0.28,0.285,0.26,0.26,24600,5.20
2008-06-12,0.28,0.28,0.25,0.26,23600,5.20
2008-06-11,0.29,0.29,0.275,0.275,8600,5.50
2008-06-10,0.29,0.29,0.29,0.29,000,5.80
2008-06-06,0.29,0.29,0.29,0.29,000,5.80
2008-06-05,0.29,0.29,0.29,0.29,000,5.80
2008-06-04,0.295,0.295,0.29,0.29,000,5.80
2008-06-03,0.295,0.295,0.29,0.29,000,5.80
2008-06-02,0.28,0.295,0.28,0.29,43100,5.80
2008-05-30,0.28,0.285,0.265,0.27,22700,5.40
2008-05-29,0.28,0.285,0.27,0.275,42500,5.50
2008-05-28,0.29,0.29,0.28,0.28,24800,5.60
2008-05-27,0.28,0.295,0.28,0.28,26400,5.60
2008-05-26,0.28,0.28,0.27,0.275,7300,5.50
2008-05-23,0.27,0.28,0.27,0.275,3100,5.50
2008-05-22,0.27,0.275,0.27,0.27,15500,5.40
2008-05-21,0.27,0.28,0.27,0.28,25200,5.60
2008-05-20,0.255,0.265,0.255,0.26,19800,5.20
2008-05-19,0.25,0.255,0.25,0.255,10900,5.10
2008-05-16,0.245,0.255,0.245,0.25,33500,5.00
2008-05-15,0.235,0.24,0.23,0.24,25300,4.80
2008-05-14,0.235,0.24,0.225,0.24,21200,4.80
2008-05-13,0.225,0.23,0.22,0.225,28600,4.50
2008-05-12,0.24,0.24,0.22,0.23,38600,4.60
2008-05-09,0.20,0.20,0.20,0.20,000,4.00
2008-05-08,0.20,0.20,0.20,0.20,200,4.00
2008-05-07,0.20,0.21,0.19,0.20,19400,4.00
2008-05-06,0.22,0.225,0.19,0.20,26100,4.00
2008-05-05,0.225,0.225,0.205,0.22,19500,4.40
2008-05-02,0.165,0.195,0.165,0.195,21100,3.90
2008-05-01,0.165,0.165,0.16,0.16,900,3.20
2008-04-30,0.165,0.165,0.16,0.16,3200,3.20
2008-04-29,0.16,0.18,0.15,0.15,8800,3.00
2008-04-28,0.145,0.18,0.145,0.165,9400,3.30
2008-04-24,0.14,0.14,0.135,0.135,2500,2.70
2008-04-23,0.145,0.145,0.14,0.14,000,2.80
2008-04-22,0.14,0.14,0.14,0.14,800,2.80
2008-04-21,0.14,0.14,0.14,0.14,1400,2.80
2008-04-18,0.135,0.14,0.135,0.14,6000,2.80
2008-04-17,0.135,0.135,0.115,0.115,000,2.30
2008-04-16,0.115,0.115,0.115,0.115,500,2.30
2008-04-15,0.14,0.14,0.115,0.115,000,2.30
2008-04-14,0.12,0.12,0.115,0.115,10100,2.30
2008-04-11,0.13,0.13,0.125,0.125,2000,2.50
2008-04-10,0.125,0.13,0.125,0.125,9600,2.50
2008-04-09,0.135,0.135,0.13,0.13,3700,2.60
2008-04-08,0.135,0.14,0.135,0.14,1900,2.80
2008-04-07,0.14,0.14,0.135,0.135,000,2.70
2008-04-04,0.13,0.13,0.13,0.13,2500,2.60
2008-04-03,0.145,0.145,0.145,0.145,000,2.90
2008-04-02,0.145,0.145,0.145,0.145,000,2.90
2008-04-01,0.145,0.145,0.145,0.145,000,2.90
2008-03-31,0.145,0.145,0.145,0.145,3000,2.90
2008-03-28,0.14,0.15,0.14,0.15,900,3.00
2008-03-27,0.155,0.155,0.13,0.13,000,2.60
2008-03-26,0.155,0.155,0.13,0.13,000,2.60
2008-03-25,0.155,0.155,0.13,0.13,000,2.60
2008-03-20,0.155,0.155,0.125,0.125,000,2.50
2008-03-19,0.125,0.125,0.125,0.125,500,2.50
2008-03-18,0.125,0.125,0.125,0.125,100,2.50
2008-03-17,0.125,0.13,0.125,0.125,3000,2.50
2008-03-14,0.14,0.14,0.13,0.13,3500,2.60
2008-03-13,0.135,0.135,0.13,0.13,500,2.60
2008-03-12,0.13,0.135,0.125,0.135,8900,2.70
2008-03-11,0.135,0.135,0.135,0.135,500,2.70
2008-03-10,0.135,0.135,0.13,0.13,2800,2.60
2008-03-07,0.13,0.13,0.12,0.12,4200,2.40
2008-03-06,0.135,0.135,0.13,0.135,3600,2.70
2008-03-05,0.14,0.14,0.13,0.13,000,2.60
2008-03-04,0.14,0.14,0.13,0.13,7500,2.60
2008-03-03,0.14,0.145,0.14,0.14,2400,2.80
2008-02-29,0.15,0.15,0.145,0.145,000,2.90
2008-02-28,0.14,0.15,0.14,0.14,4100,2.80
2008-02-27,0.15,0.15,0.15,0.15,1700,3.00
2008-02-26,0.165,0.165,0.15,0.15,6800,3.00
2008-02-25,0.165,0.17,0.165,0.17,2100,3.40
2008-02-22,0.17,0.17,0.165,0.165,5800,3.30
2008-02-21,0.17,0.17,0.165,0.165,000,3.30
2008-02-20,0.165,0.17,0.165,0.17,4500,3.40
2008-02-19,0.165,0.18,0.16,0.18,3700,3.60
2008-02-18,0.165,0.165,0.165,0.165,300,3.30
2008-02-15,0.17,0.17,0.16,0.165,7000,3.30
2008-02-14,0.17,0.17,0.17,0.17,3500,3.40
2008-02-13,0.165,0.17,0.165,0.17,5800,3.40
2008-02-12,0.18,0.18,0.165,0.165,4000,3.30
2008-02-11,0.175,0.18,0.17,0.18,2600,3.60
2008-02-08,0.175,0.175,0.17,0.17,1500,3.40
2008-02-07,0.185,0.185,0.185,0.185,100,3.70
2008-02-06,0.165,0.17,0.165,0.17,4000,3.40
2008-02-05,0.19,0.19,0.17,0.17,4300,3.40
2008-02-04,0.19,0.19,0.18,0.18,1200,3.60
2008-02-01,0.195,0.195,0.19,0.19,000,3.80
2008-01-31,0.185,0.19,0.185,0.19,2100,3.80
2008-01-30,0.19,0.19,0.185,0.185,1700,3.70
2008-01-29,0.21,0.21,0.185,0.185,11100,3.70
2008-01-25,0.22,0.22,0.195,0.195,21100,3.90
2008-01-24,0.215,0.26,0.18,0.205,51600,4.10
2008-01-23,0.17,0.17,0.17,0.17,11700,3.40
2008-01-22,0.185,0.185,0.16,0.17,8800,3.40
2008-01-21,0.195,0.195,0.19,0.19,2900,3.80
2008-01-18,0.22,0.23,0.195,0.195,17200,3.90
2008-01-17,0.19,0.225,0.18,0.225,3200,4.50
2008-01-16,0.19,0.19,0.18,0.19,7300,3.80
2008-01-15,0.21,0.21,0.20,0.20,800,4.00
2008-01-14,0.205,0.205,0.205,0.205,11700,4.10
2008-01-11,0.21,0.215,0.21,0.21,3600,4.20
2008-01-10,0.21,0.21,0.21,0.21,700,4.20
2008-01-09,0.20,0.20,0.20,0.20,2300,4.00
2008-01-08,0.21,0.21,0.205,0.205,6400,4.10
2008-01-07,0.235,0.235,0.205,0.205,11300,4.10
2008-01-04,0.23,0.24,0.23,0.235,5500,4.70
2008-01-03,0.23,0.235,0.23,0.23,5000,4.60
2008-01-02,0.22,0.23,0.22,0.23,1200,4.60
2007-12-31,0.23,0.23,0.22,0.22,1900,4.40
2007-12-28,0.235,0.235,0.23,0.23,3700,4.60
2007-12-27,0.235,0.235,0.235,0.235,1000,4.70
2007-12-24,0.225,0.225,0.22,0.22,3900,4.40
2007-12-21,0.23,0.235,0.23,0.23,1600,4.60
2007-12-20,0.215,0.23,0.21,0.23,1400,4.60
2007-12-19,0.23,0.23,0.205,0.23,8000,4.60
2007-12-18,0.22,0.22,0.205,0.22,13900,4.40
2007-12-17,0.245,0.245,0.235,0.235,2900,4.70
2007-12-14,0.245,0.245,0.235,0.235,8500,4.70
2007-12-13,0.255,0.255,0.24,0.245,14400,4.90
2007-12-12,0.27,0.27,0.255,0.26,9800,5.20
2007-12-11,0.28,0.285,0.27,0.275,8500,5.50
2007-12-10,0.28,0.28,0.265,0.27,2000,5.40
2007-12-07,0.28,0.285,0.27,0.285,10100,5.70
2007-12-06,0.275,0.28,0.26,0.28,5900,5.60
2007-12-05,0.27,0.27,0.27,0.27,3000,5.40
2007-12-04,0.27,0.27,0.26,0.26,5300,5.20
2007-12-03,0.255,0.26,0.255,0.255,5500,5.10
2007-11-30,0.26,0.30,0.25,0.255,50600,5.10
2007-11-29,0.325,0.36,0.26,0.26,90100,5.20
2007-11-28,0.23,0.23,0.22,0.22,6000,4.40
2007-11-27,0.23,0.23,0.225,0.23,6600,4.60
2007-11-26,0.23,0.235,0.23,0.235,10800,4.70
2007-11-23,0.22,0.22,0.215,0.22,2200,4.40
2007-11-22,0.225,0.235,0.215,0.215,15600,4.30
2007-11-21,0.235,0.235,0.235,0.235,6500,4.70
2007-11-20,0.225,0.225,0.22,0.22,2200,4.40
2007-11-19,0.22,0.24,0.22,0.235,8700,4.70
2007-11-16,0.20,0.225,0.20,0.215,10200,4.30
2007-11-15,0.205,0.22,0.195,0.195,22900,3.90
2007-11-14,0.22,0.22,0.205,0.205,6000,4.10
2007-11-13,0.205,0.21,0.205,0.21,3500,4.20
2007-11-12,0.215,0.215,0.215,0.215,600,4.30
2007-11-09,0.215,0.215,0.215,0.215,100,4.30
2007-11-08,0.215,0.22,0.215,0.22,3800,4.40
2007-11-07,0.235,0.255,0.22,0.22,11400,4.40
2007-11-06,0.24,0.245,0.235,0.235,11600,4.70
2007-11-05,0.24,0.25,0.235,0.235,1300,4.70
2007-11-02,0.24,0.24,0.23,0.24,11400,4.80
2007-11-01,0.265,0.265,0.24,0.245,20100,4.90
2007-10-31,0.26,0.26,0.25,0.25,16600,5.00
2007-10-30,0.255,0.265,0.25,0.26,17900,5.20
2007-10-29,0.27,0.27,0.245,0.25,23400,5.00
2007-10-26,0.265,0.27,0.26,0.26,15500,5.20
2007-10-25,0.255,0.27,0.255,0.265,51100,5.30
2007-10-24,0.255,0.265,0.245,0.25,35700,5.00
2007-10-23,0.26,0.265,0.245,0.25,31200,5.00
2007-10-22,0.24,0.265,0.235,0.255,82900,5.10
2007-10-19,0.275,0.28,0.25,0.275,112800,5.50
2007-10-18,0.23,0.37,0.22,0.30,684100,6.00
2007-10-17,0.175,0.18,0.175,0.175,12200,3.50
2007-10-16,0.18,0.18,0.17,0.18,7700,3.60
2007-10-15,0.19,0.19,0.18,0.18,800,3.60
2007-10-12,0.185,0.185,0.185,0.185,3000,3.70
2007-10-11,0.185,0.185,0.17,0.17,000,3.40
2007-10-10,0.185,0.185,0.17,0.17,000,3.40
2007-10-09,0.185,0.185,0.165,0.165,000,3.30
2007-10-08,0.19,0.19,0.165,0.165,000,3.30
2007-10-05,0.19,0.19,0.165,0.165,000,3.30
2007-10-04,0.165,0.165,0.165,0.165,500,3.30
2007-10-03,0.17,0.18,0.17,0.17,3500,3.40
2007-10-02,0.19,0.19,0.19,0.19,000,3.80
2007-10-01,0.19,0.19,0.19,0.19,000,3.80
2007-09-28,0.19,0.19,0.19,0.19,000,3.80
2007-09-27,0.19,0.19,0.19,0.19,1300,3.80
2007-09-26,0.185,0.19,0.17,0.19,8600,3.80
2007-09-25,0.18,0.20,0.18,0.195,22500,3.90
2007-09-24,0.175,0.175,0.175,0.175,000,3.50
2007-09-21,0.175,0.175,0.175,0.175,200,3.50
2007-09-20,0.15,0.185,0.15,0.16,10700,3.20
2007-09-19,0.14,0.14,0.14,0.14,1000,2.80
2007-09-18,0.15,0.15,0.14,0.14,000,2.80
2007-09-17,0.15,0.15,0.14,0.14,000,2.80
2007-09-14,0.14,0.14,0.14,0.14,100,2.80
2007-09-13,0.16,0.16,0.14,0.14,000,2.80
2007-09-12,0.16,0.16,0.135,0.135,000,2.70
2007-09-11,0.135,0.135,0.135,0.135,300,2.70
2007-09-10,0.15,0.15,0.13,0.13,800,2.60
2007-09-07,0.16,0.16,0.16,0.16,100,3.20
2007-09-06,0.16,0.16,0.16,0.16,100,3.20
2007-09-05,0.165,0.165,0.16,0.16,000,3.20
2007-09-04,0.16,0.16,0.16,0.16,500,3.20
2007-09-03,0.16,0.16,0.16,0.16,000,3.20
2007-08-31,0.16,0.16,0.16,0.16,1400,3.20
2007-08-30,0.135,0.135,0.135,0.135,000,2.70
2007-08-29,0.155,0.155,0.135,0.135,1200,2.70
2007-08-28,0.175,0.175,0.155,0.155,000,3.10
2007-08-27,0.15,0.15,0.15,0.15,600,3.00
2007-08-24,0.15,0.15,0.145,0.15,1900,3.00
2007-08-23,0.14,0.14,0.14,0.14,000,2.80
2007-08-22,0.17,0.17,0.145,0.145,000,2.90
2007-08-21,0.14,0.14,0.14,0.14,600,2.80
2007-08-20,0.14,0.14,0.13,0.13,1800,2.60
2007-08-17,0.105,0.105,0.105,0.105,2000,2.10
2007-08-16,0.15,0.15,0.13,0.13,1200,2.60
2007-08-15,0.16,0.16,0.16,0.16,000,3.20
2007-08-14,0.145,0.16,0.145,0.16,3100,3.20
2007-08-13,0.175,0.175,0.14,0.14,5000,2.80
2007-08-10,0.19,0.19,0.175,0.19,1800,3.80
2007-08-09,0.20,0.20,0.20,0.20,500,4.00
2007-08-08,0.195,0.195,0.195,0.195,1200,3.90
2007-08-07,0.19,0.195,0.19,0.195,1500,3.90
2007-08-06,0.19,0.19,0.19,0.19,000,3.80
2007-08-03,0.195,0.195,0.19,0.19,2000,3.80
2007-08-02,0.20,0.20,0.19,0.19,1500,3.80
2007-08-01,0.20,0.20,0.19,0.19,5500,3.80
2007-07-31,0.21,0.215,0.21,0.215,1200,4.30
2007-07-30,0.21,0.21,0.21,0.21,1700,4.20
2007-07-27,0.21,0.21,0.21,0.21,700,4.20
2007-07-26,0.22,0.22,0.22,0.22,400,4.40
2007-07-25,0.225,0.225,0.21,0.21,2000,4.20
2007-07-24,0.21,0.21,0.21,0.21,4500,4.20
2007-07-23,0.205,0.205,0.205,0.205,500,4.10
2007-07-20,0.23,0.23,0.20,0.20,000,4.00
2007-07-19,0.20,0.20,0.20,0.20,2900,4.00
2007-07-18,0.20,0.20,0.20,0.20,1400,4.00
2007-07-17,0.20,0.20,0.20,0.20,000,4.00
2007-07-16,0.205,0.205,0.20,0.20,700,4.00
2007-07-13,0.23,0.23,0.20,0.20,2400,4.00
2007-07-12,0.23,0.23,0.23,0.23,1500,4.60
2007-07-11,0.24,0.24,0.24,0.24,400,4.80
2007-07-10,0.235,0.235,0.205,0.23,2600,4.60
2007-07-09,0.235,0.235,0.235,0.235,000,4.70
2007-07-06,0.235,0.235,0.23,0.23,2100,4.60
2007-07-05,0.255,0.255,0.23,0.23,2000,4.60
2007-07-04,0.255,0.255,0.24,0.24,4500,4.80
2007-07-03,0.255,0.255,0.255,0.255,200,5.10
2007-07-02,0.265,0.265,0.245,0.245,000,4.90
2007-06-29,0.255,0.255,0.24,0.24,8000,4.80
2007-06-28,0.22,0.25,0.22,0.25,6200,5.00
2007-06-27,0.21,0.215,0.21,0.215,1100,4.30
2007-06-26,0.22,0.22,0.215,0.22,8600,4.40
2007-06-25,0.23,0.23,0.23,0.23,2700,4.60
2007-06-22,0.235,0.235,0.235,0.235,3700,4.70
2007-06-21,0.24,0.24,0.24,0.24,2100,4.80
2007-06-20,0.24,0.24,0.24,0.24,700,4.80
2007-06-19,0.25,0.25,0.25,0.25,300,5.00
2007-06-18,0.25,0.25,0.25,0.25,000,5.00
2007-06-15,0.255,0.255,0.25,0.25,500,5.00
2007-06-14,0.245,0.255,0.23,0.255,2600,5.10
2007-06-13,0.245,0.245,0.245,0.245,000,4.90
2007-06-12,0.255,0.255,0.245,0.245,500,4.90
2007-06-08,0.27,0.27,0.255,0.255,5500,5.10
2007-06-07,0.26,0.275,0.26,0.275,4500,5.50
2007-06-06,0.265,0.275,0.265,0.275,4000,5.50
2007-06-05,0.265,0.265,0.265,0.265,400,5.30
2007-06-04,0.25,0.265,0.25,0.26,3300,5.20
2007-06-01,0.24,0.24,0.24,0.24,500,4.80
2007-05-31,0.24,0.24,0.24,0.24,1700,4.80
2007-05-30,0.265,0.265,0.25,0.25,1200,5.00
2007-05-29,0.255,0.255,0.255,0.255,1500,5.10
2007-05-28,0.275,0.275,0.275,0.275,1100,5.50
2007-05-25,0.275,0.275,0.265,0.265,1000,5.30
2007-05-24,0.27,0.275,0.27,0.275,5700,5.50
2007-05-23,0.255,0.275,0.255,0.275,4100,5.50
2007-05-22,0.25,0.255,0.25,0.255,3000,5.10
2007-05-21,0.245,0.25,0.24,0.25,1700,5.00
2007-05-18,0.25,0.25,0.24,0.24,900,4.80
2007-05-17,0.25,0.25,0.24,0.24,3000,4.80
2007-05-16,0.255,0.255,0.255,0.255,1100,5.10
2007-05-15,0.255,0.255,0.255,0.255,4200,5.10
2007-05-14,0.255,0.255,0.25,0.25,3500,5.00
2007-05-11,0.25,0.25,0.25,0.25,000,5.00
2007-05-10,0.25,0.25,0.25,0.25,1500,5.00
2007-05-09,0.25,0.25,0.25,0.25,1000,5.00
2007-05-08,0.26,0.26,0.26,0.26,3400,5.20
2007-05-07,0.26,0.26,0.26,0.26,3300,5.20
2007-05-04,0.27,0.27,0.26,0.26,2500,5.20
2007-05-03,0.265,0.27,0.265,0.27,500,5.40
2007-05-02,0.265,0.265,0.265,0.265,900,5.30
2007-05-01,0.26,0.26,0.26,0.26,2900,5.20
2007-04-30,0.275,0.275,0.27,0.27,1900,5.40
2007-04-27,0.28,0.285,0.27,0.285,1600,5.70
2007-04-26,0.30,0.30,0.28,0.285,2600,5.70
2007-04-24,0.25,0.265,0.25,0.265,9300,5.30
2007-04-23,0.265,0.28,0.26,0.26,2800,5.20
2007-04-20,0.265,0.265,0.26,0.265,1800,5.30
2007-04-19,0.26,0.26,0.26,0.26,2000,5.20
2007-04-18,0.26,0.265,0.26,0.265,2600,5.30
2007-04-17,0.245,0.27,0.245,0.27,7000,5.40
2007-04-16,0.26,0.26,0.245,0.245,6100,4.90
2007-04-13,0.27,0.27,0.26,0.26,7000,5.20
2007-04-12,0.26,0.26,0.26,0.26,500,5.20
2007-04-11,0.25,0.26,0.25,0.26,1200,5.20
2007-04-10,0.245,0.245,0.24,0.24,200,4.80
2007-04-05,0.26,0.26,0.26,0.26,700,5.20
2007-04-04,0.25,0.25,0.25,0.25,200,5.00
2007-04-03,0.245,0.245,0.245,0.245,500,4.90
2007-04-02,0.245,0.245,0.245,0.245,000,4.90
2007-03-30,0.24,0.245,0.24,0.245,3700,4.90
2007-03-29,0.24,0.24,0.24,0.24,2500,4.80
2007-03-28,0.245,0.245,0.23,0.23,700,4.60
2007-03-27,0.23,0.24,0.23,0.24,800,4.80
2007-03-26,0.235,0.235,0.235,0.235,4000,4.70
2007-03-23,0.24,0.24,0.24,0.24,000,4.80
2007-03-22,0.23,0.23,0.23,0.23,000,4.60
2007-03-21,0.235,0.235,0.23,0.23,1700,4.60
2007-03-20,0.26,0.26,0.26,0.26,000,5.20
2007-03-19,0.26,0.26,0.26,0.26,000,5.20
2007-03-16,0.26,0.26,0.26,0.26,500,5.20
2007-03-15,0.25,0.25,0.25,0.25,500,5.00
2007-03-14,0.24,0.24,0.24,0.24,000,4.80
2007-03-13,0.24,0.24,0.24,0.24,2000,4.80
2007-03-12,0.24,0.24,0.24,0.24,1200,4.80
2007-03-09,0.22,0.22,0.22,0.22,000,4.40
2007-03-08,0.22,0.22,0.22,0.22,000,4.40
2007-03-07,0.225,0.225,0.225,0.225,000,4.50
2007-03-06,0.22,0.22,0.22,0.22,2500,4.40
2007-03-05,0.26,0.26,0.22,0.24,8300,4.80
2007-03-02,0.23,0.23,0.23,0.23,000,4.60
2007-03-01,0.23,0.23,0.23,0.23,000,4.60
2007-02-28,0.235,0.235,0.23,0.23,700,4.60
2007-02-27,0.29,0.29,0.29,0.29,3000,5.80
2007-02-26,0.285,0.295,0.28,0.29,9700,5.80
2007-02-23,0.285,0.30,0.285,0.295,2100,5.90
2007-02-22,0.28,0.28,0.27,0.275,6300,5.50
2007-02-21,0.27,0.295,0.27,0.28,3800,5.60
2007-02-20,0.23,0.26,0.23,0.25,3600,5.00
2007-02-19,0.24,0.245,0.22,0.22,8700,4.40
2007-02-16,0.23,0.235,0.23,0.235,1200,4.70
2007-02-15,0.22,0.24,0.22,0.24,400,4.80
2007-02-14,0.225,0.225,0.21,0.215,9200,4.30
2007-02-13,0.23,0.23,0.225,0.225,2800,4.50
2007-02-12,0.24,0.24,0.225,0.225,3000,4.50
2007-02-09,0.24,0.24,0.24,0.24,400,4.80
2007-02-08,0.26,0.26,0.26,0.26,000,5.20
2007-02-07,0.26,0.26,0.26,0.26,400,5.20
2007-02-06,0.24,0.255,0.24,0.25,3900,5.00
2007-02-05,0.23,0.23,0.23,0.23,000,4.60
2007-02-02,0.23,0.23,0.23,0.23,000,4.60
2007-02-01,0.23,0.23,0.23,0.23,2300,4.60
2007-01-31,0.24,0.24,0.24,0.24,000,4.80
2007-01-30,0.23,0.24,0.23,0.24,800,4.80
2007-01-29,0.24,0.24,0.23,0.23,7500,4.60
2007-01-25,0.27,0.27,0.24,0.24,3200,4.80
2007-01-24,0.27,0.27,0.27,0.27,5200,5.40
2007-01-23,0.28,0.28,0.28,0.28,500,5.60
2007-01-22,0.29,0.29,0.29,0.29,000,5.80
2007-01-19,0.29,0.29,0.29,0.29,3500,5.80
2007-01-18,0.30,0.30,0.30,0.30,300,6.00
2007-01-17,0.285,0.30,0.28,0.30,6600,6.00
2007-01-16,0.30,0.30,0.285,0.285,1000,5.70
2007-01-15,0.29,0.29,0.285,0.285,900,5.70
2007-01-12,0.30,0.30,0.30,0.30,3500,6.00
2007-01-11,0.30,0.30,0.30,0.30,2600,6.00
2007-01-10,0.30,0.30,0.30,0.30,2800,6.00
2007-01-09,0.30,0.30,0.30,0.30,500,6.00
2007-01-08,0.33,0.33,0.33,0.33,500,6.60
2007-01-05,0.31,0.33,0.29,0.33,3200,6.60
2007-01-04,0.35,0.35,0.33,0.33,2800,6.60
2007-01-03,0.35,0.395,0.34,0.35,9300,7.00
2007-01-02,0.29,0.31,0.29,0.295,4100,5.90
2006-12-29,0.29,0.29,0.29,0.29,1900,5.80
2006-12-28,0.28,0.28,0.27,0.27,2000,5.40
2006-12-27,0.28,0.28,0.28,0.28,1500,5.60
2006-12-22,0.28,0.28,0.28,0.28,000,5.60
2006-12-21,0.29,0.29,0.28,0.28,1500,5.60
2006-12-20,0.30,0.30,0.28,0.28,900,5.60
2006-12-19,0.29,0.29,0.28,0.28,2800,5.60
2006-12-18,0.32,0.32,0.315,0.315,1000,6.30
2006-12-15,0.29,0.29,0.29,0.29,100,5.80
2006-12-14,0.32,0.32,0.32,0.32,800,6.40
2006-12-13,0.30,0.30,0.30,0.30,000,6.00
2006-12-12,0.29,0.29,0.29,0.29,600,5.80
2006-12-11,0.315,0.315,0.315,0.315,000,6.30
2006-12-08,0.30,0.315,0.30,0.315,1200,6.30
2006-12-07,0.265,0.28,0.265,0.28,1100,5.60
2006-12-06,0.28,0.28,0.26,0.26,1600,5.20
2006-12-05,0.30,0.30,0.28,0.28,2700,5.60
2006-12-04,0.32,0.32,0.30,0.30,6900,6.00
2006-12-01,0.32,0.325,0.32,0.325,1700,6.50
2006-11-30,0.34,0.35,0.32,0.32,5300,6.40
2006-11-29,0.34,0.34,0.34,0.34,000,6.80
2006-11-28,0.34,0.34,0.34,0.34,000,6.80
2006-11-27,0.37,0.37,0.34,0.34,8900,6.80
2006-11-24,0.355,0.37,0.355,0.37,7000,7.40
2006-11-23,0.37,0.37,0.37,0.37,1700,7.40
2006-11-22,0.37,0.37,0.365,0.37,1900,7.40
2006-11-21,0.37,0.37,0.37,0.37,100,7.40
2006-11-20,0.355,0.355,0.355,0.355,000,7.10
2006-11-17,0.36,0.38,0.355,0.355,12400,7.10
2006-11-16,0.35,0.36,0.34,0.36,5600,7.20
2006-11-15,0.36,0.36,0.35,0.35,4200,7.00
2006-11-14,0.40,0.40,0.35,0.35,11900,7.00
2006-11-13,0.41,0.41,0.37,0.37,2700,7.40
2006-11-10,0.38,0.42,0.38,0.40,14900,8.00
2006-11-09,0.35,0.38,0.35,0.38,14600,7.60
2006-11-08,0.37,0.37,0.34,0.34,5400,6.80
2006-11-07,0.34,0.35,0.34,0.35,11100,7.00
2006-11-06,0.37,0.37,0.34,0.34,5700,6.80
2006-11-03,0.30,0.37,0.30,0.37,26900,7.40
2006-11-02,0.30,0.30,0.28,0.28,9200,5.60
2006-11-01,0.295,0.30,0.285,0.30,5600,6.00
2006-10-31,0.33,0.34,0.30,0.30,31100,6.00
2006-10-30,0.26,0.32,0.26,0.32,43800,6.40
2006-10-27,0.245,0.26,0.24,0.26,15800,5.20
2006-10-26,0.25,0.265,0.24,0.24,28200,4.80
2006-10-25,0.23,0.26,0.23,0.23,27100,4.60
2006-10-24,0.22,0.225,0.22,0.22,3200,4.40
2006-10-23,0.215,0.215,0.215,0.215,1800,4.30
2006-10-20,0.21,0.21,0.21,0.21,12700,4.20
2006-10-19,0.215,0.215,0.205,0.205,24100,4.10
2006-10-18,0.20,0.20,0.20,0.20,000,4.00
2006-10-17,0.195,0.205,0.195,0.20,6700,4.00
2006-10-16,0.19,0.19,0.19,0.19,400,3.80
2006-10-13,0.205,0.205,0.205,0.205,000,4.10
2006-10-12,0.20,0.205,0.20,0.205,1200,4.10
2006-10-11,0.21,0.21,0.20,0.20,5400,4.00
2006-10-10,0.18,0.20,0.18,0.20,8900,4.00
2006-10-09,0.16,0.17,0.16,0.17,15800,3.40
2006-10-06,0.17,0.17,0.17,0.17,1000,3.40
2006-10-05,0.17,0.17,0.17,0.17,2000,3.40
2006-10-04,0.17,0.17,0.17,0.17,000,3.40
2006-10-03,0.175,0.175,0.17,0.17,1700,3.40
2006-10-02,0.175,0.175,0.175,0.175,2500,3.50
2006-09-29,0.17,0.175,0.17,0.17,2400,3.40
2006-09-28,0.175,0.175,0.17,0.17,7500,3.40
2006-09-27,0.17,0.17,0.17,0.17,3000,3.40
2006-09-26,0.15,0.17,0.15,0.17,3800,3.40
2006-09-25,0.15,0.15,0.15,0.15,2500,3.00
2006-09-22,0.16,0.16,0.16,0.16,000,3.20
2006-09-21,0.16,0.16,0.16,0.16,000,3.20
2006-09-20,0.16,0.16,0.16,0.16,2600,3.20
2006-09-19,0.16,0.16,0.16,0.16,1200,3.20
2006-09-18,0.165,0.165,0.165,0.165,400,3.30
2006-09-15,0.165,0.165,0.165,0.165,700,3.30
2006-09-14,0.17,0.17,0.165,0.165,4700,3.30
2006-09-13,0.17,0.17,0.17,0.17,1900,3.40
2006-09-12,0.17,0.17,0.17,0.17,1900,3.40
2006-09-11,0.175,0.175,0.17,0.17,600,3.40
2006-09-08,0.17,0.175,0.17,0.175,5000,3.50
2006-09-07,0.155,0.17,0.155,0.16,5500,3.20
2006-09-06,0.15,0.15,0.15,0.15,200,3.00
2006-09-05,0.15,0.15,0.15,0.15,700,3.00
2006-09-04,0.15,0.15,0.15,0.15,1000,3.00
2006-09-01,0.145,0.145,0.145,0.145,000,2.90
2006-08-31,0.145,0.145,0.145,0.145,1200,2.90
2006-08-30,0.15,0.15,0.15,0.15,000,3.00
2006-08-29,0.15,0.15,0.145,0.15,1300,3.00
2006-08-28,0.165,0.165,0.165,0.165,000,3.30
2006-08-25,0.16,0.165,0.16,0.165,200,3.30
2006-08-24,0.15,0.15,0.15,0.15,1300,3.00
2006-08-23,0.145,0.145,0.145,0.145,000,2.90
2006-08-22,0.14,0.14,0.14,0.14,000,2.80
2006-08-21,0.15,0.15,0.14,0.14,2200,2.80
2006-08-18,0.15,0.15,0.15,0.15,1000,3.00
2006-08-17,0.15,0.15,0.15,0.15,000,3.00
2006-08-16,0.15,0.16,0.15,0.15,4300,3.00
2006-08-15,0.16,0.16,0.16,0.16,200,3.20
2006-08-14,0.15,0.15,0.15,0.15,1200,3.00
2006-08-11,0.15,0.15,0.15,0.15,400,3.00
2006-08-10,0.16,0.16,0.16,0.16,700,3.20
2006-08-09,0.16,0.16,0.16,0.16,1500,3.20
2006-08-08,0.16,0.16,0.16,0.16,2000,3.20
2006-08-07,0.175,0.175,0.175,0.175,000,3.50
2006-08-04,0.175,0.175,0.175,0.175,1300,3.50
2006-08-03,0.18,0.18,0.175,0.175,4900,3.50
2006-08-02,0.19,0.19,0.175,0.175,7300,3.50
2006-08-01,0.17,0.17,0.17,0.17,7700,3.40
2006-07-31,0.17,0.17,0.17,0.17,3000,3.40
2006-07-28,0.17,0.17,0.17,0.17,5000,3.40
2006-07-27,0.17,0.17,0.17,0.17,5000,3.40
2006-07-26,0.18,0.18,0.18,0.18,000,3.60
2006-07-25,0.17,0.18,0.17,0.18,4400,3.60
2006-07-24,0.17,0.17,0.17,0.17,200,3.40
2006-07-21,0.18,0.18,0.18,0.18,1000,3.60
2006-07-20,0.18,0.18,0.18,0.18,4000,3.60
2006-07-19,0.17,0.17,0.17,0.17,000,3.40
2006-07-18,0.175,0.175,0.17,0.17,2500,3.40
2006-07-17,0.18,0.18,0.18,0.18,400,3.60
2006-07-14,0.175,0.18,0.175,0.18,6700,3.60
2006-07-13,0.175,0.175,0.175,0.175,4200,3.50
2006-07-12,0.175,0.175,0.175,0.175,6100,3.50
2006-07-11,0.17,0.175,0.17,0.175,3900,3.50
2006-07-10,0.16,0.16,0.16,0.16,2500,3.20
2006-07-07,0.165,0.165,0.165,0.165,1500,3.30
2006-07-06,0.17,0.17,0.17,0.17,000,3.40
2006-07-05,0.175,0.18,0.17,0.17,4300,3.40
2006-07-04,0.17,0.18,0.17,0.18,6400,3.60
2006-07-03,0.14,0.14,0.14,0.14,000,2.80
2006-06-30,0.145,0.145,0.14,0.14,13300,2.80
2006-06-29,0.14,0.15,0.14,0.15,2900,3.00
2006-06-28,0.16,0.16,0.14,0.14,4000,2.80
2006-06-27,0.165,0.17,0.16,0.16,4300,3.20
2006-06-26,0.145,0.145,0.145,0.145,2100,2.90
2006-06-23,0.14,0.15,0.14,0.145,2600,2.90
2006-06-22,0.17,0.17,0.17,0.17,500,3.40
2006-06-21,0.18,0.18,0.18,0.18,000,3.60
2006-06-20,0.18,0.18,0.18,0.18,000,3.60
2006-06-19,0.18,0.18,0.18,0.18,9000,3.60
2006-06-16,0.18,0.18,0.18,0.18,4000,3.60
2006-06-15,0.17,0.175,0.17,0.175,7400,3.50
2006-06-14,0.15,0.15,0.13,0.14,3100,2.80
2006-06-13,0.17,0.17,0.15,0.15,1800,3.00
2006-06-09,0.19,0.19,0.18,0.18,9000,3.60
2006-06-08,0.18,0.18,0.17,0.17,2000,3.40
2006-06-07,0.19,0.19,0.19,0.19,000,3.80
2006-06-06,0.19,0.19,0.19,0.19,000,3.80
2006-06-05,0.19,0.19,0.185,0.185,2900,3.70
2006-06-02,0.19,0.19,0.19,0.19,3400,3.80
2006-06-01,0.195,0.195,0.195,0.195,2500,3.90
2006-05-31,0.20,0.20,0.19,0.19,7200,3.80
2006-05-30,0.20,0.215,0.20,0.20,4200,4.00
2006-05-29,0.185,0.185,0.185,0.185,400,3.70
2006-05-26,0.19,0.195,0.19,0.195,1300,3.90
2006-05-25,0.19,0.19,0.185,0.185,9700,3.70
2006-05-24,0.185,0.185,0.185,0.185,000,3.70
2006-05-23,0.195,0.195,0.18,0.185,7500,3.70
2006-05-22,0.20,0.205,0.20,0.20,4000,4.00
2006-05-19,0.21,0.21,0.21,0.21,2000,4.20
2006-05-18,0.23,0.23,0.22,0.22,4100,4.40
2006-05-17,0.225,0.225,0.215,0.22,6500,4.40
2006-05-16,0.24,0.24,0.23,0.23,5400,4.60
2006-05-15,0.245,0.245,0.235,0.235,4300,4.70
2006-05-12,0.255,0.255,0.24,0.24,4000,4.80
2006-05-11,0.255,0.255,0.24,0.24,7500,4.80
2006-05-10,0.24,0.26,0.24,0.255,13900,5.10
2006-05-09,0.24,0.24,0.235,0.24,5800,4.80
2006-05-08,0.26,0.26,0.245,0.245,7600,4.90
2006-05-05,0.255,0.26,0.25,0.25,6600,5.00
2006-05-04,0.26,0.265,0.255,0.265,17600,5.30
2006-05-03,0.24,0.265,0.24,0.26,47100,5.20
2006-05-02,0.235,0.25,0.235,0.235,32900,4.70
2006-05-01,0.245,0.255,0.225,0.235,50100,4.70
2006-04-28,0.23,0.235,0.23,0.23,18800,4.60
2006-04-27,0.24,0.245,0.23,0.23,22500,4.60
2006-04-26,0.25,0.255,0.24,0.24,18200,4.80
2006-04-24,0.25,0.255,0.24,0.25,19200,5.00
2006-04-21,0.265,0.27,0.245,0.25,53900,5.00
2006-04-20,0.29,0.29,0.25,0.265,96600,5.30
2006-04-19,0.20,0.20,0.20,0.20,000,4.00